-0.00128980915299991
-0.00191296449855928
-0.00150104213440427
-0.0015502160166614
-0.00180689126934965
-0.001466044952681
-0.00174027127534168
-0.00172283461638537
-0.00176728099067637
-0.0016855979405952
-0.00234171784238948
-0.00166667034820195
-0.00150763646250009
-0.00169290445706252
-0.00190628954721187
-0.00201217862560984
8.50128980807368
8.50191295957442
8.50150103937773
8.50155021252908
8.50180688744565
8.50146603653807
8.50174026686664
8.50172283059367
8.50176727693087
8.50234171144897
8.50168559379728
8.5016666617354
8.50150763316194
8.501692901339
8.50190628408043
8.50201217345455
0.5065592084988
0.506428453622598
0.506502614288131
0.506492492169882
0.506439134815022
0.506473650533354
0.506446645852382
0.506450901217789
0.506324953934236
0.506493212976289
0.506451876170475
0.506395340457553
0.506411677262289
0.506477002518949
0.50639218572553
0.506470696580886
7.99344079101108
7.99367504501895
7.99357154560496
7.9934973850147
7.99350750714443
7.99356086446907
7.99350678630275
7.99360465864489
7.99352634813339
7.99355335324523
7.99354909806135
7.99354812310485
7.99358832166504
7.99352299691589
7.99360781280839
7.99352930252145
1.02378862640282
7.47621137728838
1.02401038010317
1.02387564350962
1.02394462535062
1.02393296478628
1.02419480155763
1.02395926611991
1.02395844416372
1.02399286272133
1.02392788233324
1.0239391632384
1.02395483629186
1.02416634672147
1.02399004828717
1.02397471705015
1.02392477488455
7.47598962232592
7.47612435954139
7.47600713862293
7.47605537800438
7.47606703747574
7.4758052028219
7.47604073656768
7.47604155851097
7.47607212051871
7.47606083930852
7.47600995389411
7.47602528509277
7.47604516651284
7.47583365645053
7.47607522785219
1.56865930121109
1.56902884705207
1.56883075025792
1.56885887911108
1.56917774465915
1.56896590071028
1.56888510253608
1.56912108922702
1.56904214380496
1.56904835953979
1.56890568889156
1.56914041540074
1.5689440555836
1.56896045804848
1.56892518023517
1.56896578837426
6.93134069888471
6.93097115299615
6.930822254359
6.93116924986619
6.93114112119353
6.931034099243
6.93111489793027
6.93095785593274
6.93087891334735
6.93095164048213
6.93109431104135
6.93103954189549
6.93085958639423
6.93105594458254
6.93107481989028
6.931034211838
2.14050266631162
2.14054953251624
6.35949733780676
6.35945047072697
2.14051663230651
2.14053077849219
2.14053333726784
2.14053236562895
2.14052965029112
2.14053484414545
2.14052487628226
2.14053641265968
2.14053862374701
2.14053887028439
2.14051594824477
2.1405146358147
2.14053580161412
2.14053780601698
6.35948337132234
6.35946922517671
6.3594676377317
6.35946666519524
6.35947035340465
6.35946420185721
6.35948405503026
6.35946113329105
6.35946137954921
6.35946515894192
6.35947512678393
6.35946359087226
6.35948536756848
6.35946219722438
5.76923360037974
2.7307663862303
2.72940259266499
2.73015211063154
2.73001902678744
2.72965753082048
2.72915647271659
2.72988242223769
2.72944797334603
2.72957808987187
2.72946315938498
2.72965221278367
2.72974858016446
2.72983884207558
2.7286379330543
2.72972329698568
2.72969849472378
5.77059739432846
5.76984787607736
5.76998096009338
5.77084351570065
5.77034245598608
5.77011756415552
5.77042189732231
5.7705520139302
5.77053682765959
5.77034777388418
5.77025140668097
5.7701611447469
5.77136205070576
5.77027668961608
3.33361560986327
3.33361400459978
3.33361932458176
5.77030149220869
5.1663843909218
5.16638599609354
4.55616621362626
4.55608578726299
3.94391421450459
3.94387506739191
3.94383378827655
3.94392028175772
3.33360832073187
3.33361050823566
3.33363037806475
3.33361137566796
3.33360669650781
3.33362691871109
3.3336042818974
3.33359837240743
5.16639167949199
5.1663806761617
5.16636962267382
5.16638949259295
4.55607972008493
4.55612493437775
4.55609396454587
3.94390603732382
3.94386202918224
3.9438865697191
3.94389436043351
3.33361308280034
3.33368920256686
4.55613797262025
4.55610564132108
4.55611343213352
3.3336183324656
3.94387843678926
3.94389429304206
3.94388893896137
3.94388515739435
5.16638691766421
5.16638862501585
5.16639330417738
5.16637308184609
4.55612156506
4.55611484436067
4.55610570881443
4.55611106299599
3.9438936324474
5.16639571890299
3.94389111997289
4.55610888182213
5.16640162823937
5.166310797918
5.16638166803269
4.55610636929872
3.94390485219075
4.55609514975324
3.33371176496144
3.94391947155506
4.55608053040259
5.166288235819
3.33362710131714
5.16637289935816
