-0.00815938792438793
0.507108986034851
1.02033952730134
1.5665642586572
2.1418980441902
2.72640996381742
3.33479328166483
3.94377878777532
4.55622120086376
5.16520671094104
8.5081593862686
5.77359005035583
7.99289101130602
6.3581019419105
6.93343573715879
7.47966047007078
8.5081593862686
7.99289101130602
7.47966047007078
6.93343573715879
6.3581019419105
5.77359005035583
5.16520671094104
4.55622120086376
3.94377878777532
-0.00815938792438793
3.33479328166483
2.72640996381742
0.507108986034851
2.1418980441902
1.5665642586572
1.02033952730134
-0.00815938792438793
0.507108986034851
1.02033952730134
1.5665642586572
2.1418980441902
2.72640996381742
3.33479328166483
3.94377878777532
8.5081593862686
7.99289101130602
4.55622120086376
7.47966047007078
6.93343573715879
6.3581019419105
5.77359005035583
5.16520671094104
8.5081593862686
-0.00815938792438793
7.99289101130602
7.47966047007078
6.93343573715879
6.3581019419105
0.507108986034851
1.02033952730134
5.77359005035583
5.16520671094104
4.55622120086376
3.94377878777532
1.5665642586572
2.1418980441902
2.72640996381742
3.33479328166483
-0.00815938792438793
8.5081593862686
0.507108986034851
1.02033952730134
1.5665642586572
2.1418980441902
2.72640996381742
3.33479328166483
3.94377878777532
8.5081593862686
7.99289101130602
4.55622120086376
5.16520671094104
5.77359005035583
7.47966047007078
6.93343573715879
6.3581019419105
7.99289101130602
7.47966047007078
-0.00815938792438793
6.93343573715879
6.3581019419105
5.77359005035583
5.16520671094104
4.55622120086376
0.507108986034851
3.94377878777532
1.02033952730134
1.5665642586572
3.33479328166483
2.72640996381742
2.1418980441902
-0.00815938792438793
0.507108986034851
1.02033952730134
1.5665642586572
8.5081593862686
2.1418980441902
7.99289101130602
2.72640996381742
7.47966047007078
6.93343573715879
6.3581019419105
5.77359005035583
5.16520671094104
4.55622120086376
3.94377878777532
3.33479328166483
8.5081593862686
7.99289101130602
-0.00815938792438793
7.47966047007078
6.93343573715879
6.3581019419105
0.507108986034851
1.02033952730134
5.77359005035583
1.5665642586572
2.1418980441902
3.94377878777532
2.72640996381742
3.33479328166483
4.55622120086376
5.16520671094104
-0.00815938792438793
0.507108986034851
8.5081593862686
7.99289101130602
1.02033952730134
1.5665642586572
8.5081593862686
2.1418980441902
7.99289101130602
7.47966047007078
6.93343573715879
6.3581019419105
4.55622120086376
3.94377878777532
3.33479328166483
5.16520671094104
2.72640996381742
5.77359005035583
7.47966047007078
6.93343573715879
6.3581019419105
-0.00815938792438793
0.507108986034851
5.77359005035583
5.16520671094104
4.55622120086376
3.94377878777532
1.02033952730134
1.5665642586572
2.1418980441902
3.33479328166483
2.72640996381742
8.5081593862686
-0.00815938792438793
0.507108986034851
1.02033952730134
1.5665642586572
2.1418980441902
8.5081593862686
7.99289101130602
7.47966047007078
2.72640996381742
6.93343573715879
3.33479328166483
3.94377878777532
6.3581019419105
5.77359005035583
5.16520671094104
4.55622120086376
7.99289101130602
7.47966047007078
6.93343573715879
-0.00815938792438793
6.3581019419105
0.507108986034851
5.77359005035583
1.02033952730134
1.5665642586572
5.16520671094104
4.55622120086376
2.1418980441902
2.72640996381742
3.33479328166483
-0.00815938792438793
0.507108986034851
1.02033952730134
3.94377878777532
8.5081593862686
7.99289101130602
8.5081593862686
-0.00815938792438793
8.5081593862686
7.99289101130602
-0.00815938792438793
0.507108986034851
8.5081593862686
7.99289101130602
1.5665642586572
4.55622120086376
3.94377878777532
3.33479328166483
6.3581019419105
2.1418980441902
-0.00815938792438793
7.47966047007078
6.93343573715879
0.507108986034851
7.99289101130602
0.507108986034851
1.02033952730134
7.47966047007078
1.02033952730134
3.94377878777532
4.55622120086376
7.47966047007078
5.77359005035583
7.47966047007078
3.94377878777532
4.55622120086376
6.93343573715879
5.16520671094104
3.33479328166483
1.5665642586572
6.93343573715879
1.02033952730134
3.94377878777532
4.55622120086376
5.16520671094104
3.33479328166483
1.5665642586572
5.16520671094104
6.93343573715879
2.1418980441902
2.1418980441902
6.3581019419105
2.1418980441902
6.3581019419105
2.72640996381742
1.5665642586572
6.3581019419105
2.72640996381742
5.77359005035583
2.72640996381742
5.77359005035583
2.72640996381742
5.77359005035583
5.16520671094104
3.33479328166483
