0.0324451676939614
0.0360647867283472
0.0372082895263363
0.0247861330249852
0.0338329617248355
0.683591805008615
0.672439751641738
0.677306314559083
0.677630785404233
0.677534126302355
1.402417010506
1.38818046681803
1.38195266859536
1.37313704870021
2.09758298947807
2.11181953316679
2.11804733138342
2.12686295126752
3.46755483228
3.46393521325276
3.47521386694056
3.46279171044718
3.46616703825
2.82756024833117
2.82269368541873
2.81640819497176
2.82246587368212
2.82236921457424
