0.012811563467728
0.544510708754758
1.14505930280054
2.45861684985694
1.8017316613654
0.056968823374215
2.46936626314136
1.89619350361585
0.68118501242697
1.29301777345107
0.15955665590742
0.976613233061956
1.71005188229772
2.41664781083678
2.34044334395277
1.52338676664429
0.789948117605126
0.0833521892398662
2.4871884365199
1.95548929128904
0.0413831501530806
1.35494069716748
0.698268338532104
0.0306337368825838
0.603806496264711
2.4430311766547
1.20698222638686
1.81881498757673
