4.43920021453729
1.06079978516182
2.45111468596459
3.04888531436991
2.36305356418313
3.72299535978897
3.13694643611457
1.77700464056264
0.813036677946352
4.68696332192039
3.86090116562957
1.63909883469661
0.634271596650002
1.36998701484527
2.1090967589678
4.8657284032372
4.1300129853838
3.39090324130161
2.9905184758249
2.50948152457588
3.73798571052958
4.41489570527401
1.76201428970112
1.08510429493969
0.253869221737799
5.24613077805577
0.412817406421323
1.16823579498161
5.08718259371298
4.33176420523165
3.49808737785437
2.00191262232994
2.74959316417506
1.99892283381825
1.16047354208431
0.391207964172705
2.75040683607009
3.50107716653507
4.33952645814305
5.10879203587106
0.147914054129945
0.811695988486877
2.37570281356573
1.64916430840251
5.35208594611322
4.68830401176557
3.12429718666491
3.85083569179761
0.152748972004377
5.34725102801902
3.18522972983121
2.31477027039784
4.72692387821849
3.9124324527787
0.773076122024583
1.5875675474687
0.0452411691607361
5.45407211765947
5.45475883105677
0.0459278824176637
0.887114872737501
4.61288512745006
4.60935447222559
0.890645527949522
1.61043777666632
3.88956222358302
3.88302012983081
2.36122721433722
1.61697987036473
3.1387727859286
3.13235701286793
2.36764298734587
5.42335752342482
0.0766424766582615
5.42190259763074
0.0780974025800747
4.70816911650511
0.774883978911507
0.791830883649812
4.72511602134767
3.11503229801957
2.36463634090741
2.3849677022389
3.13536365934027
1.58687898289819
3.91312101733852
1.56946104705903
3.93053895317581
