5.50015190642837
-0.000151906423162996
5.82077670726808e-05
5.49994179222715
5.49988217924091
5.50024845233414
0.000117820753943043
-0.000248452340215505
5.50133830175082
-0.001338301748514
-0.000254354957133172
5.50025435495149
0.501028356563377
0.500171793009471
0.499575582182487
4.99897164343857
4.99982820698657
5.00042441781286
0.499512873946211
5.00048712604686
0.500059033025375
0.500474792915769
4.99994096697064
4.99952520708054
4.9996683917195
0.500331608284055
1.00086637788444
0.999573611798105
4.49913362211324
4.50042638819821
4.50056142991493
0.99943857008189
4.4999671598728
4.49938152673577
4.49959757285085
4.50109027462861
1.00003284012296
1.00061847325813
1.00040242714522
0.99890972537064
1.50024020079691
1.49998016967661
1.49999087844441
1.49992703940024
3.99975979919889
4.00001983031903
4.0000091215516
4.00007296059631
3.99992522773591
1.50007477226369
1.5000294783808
3.99997052161524
1.49997030413304
1.49999781841951
4.00002969586277
4.00000218157622
2.50007481616339
2.49994872832402
2.99992518383286
3.00005127167465
3.00002762212487
2.49997237787189
2.99997631542143
2.50002368457554
2.99998015103093
2.50001984896476
3.00002817356846
2.99998221699814
2.49997182642816
2.50001778299727
3.0000128695282
2.4999871304681
3.49984497547961
2.00015502451895
1.99994992803271
3.50005007196364
3.50001577773324
3.5000167655438
1.99998422226408
1.99998323445172
3.50002296321119
3.49996793341604
1.99997703678435
2.00003206657968
1.99994128734146
3.50005871265445
3.49996743070319
2.00003256929275
