0.00992172148061879
0.0122880157571291
0.0112933927242849
0.0117671387015251
0.0116870548513794
0.0115569572452358
0.0120616899243367
0.0114451715794073
0.0115920051122267
0.0114343101218963
0.0125251654402037
6.98619778780887
6.98434721986099
6.98447995659089
6.98479100315341
6.98507409085077
6.98431519533724
6.98448424297614
6.98476578772477
6.98501352066008
6.98474591315915
6.98461349364352
6.98486407485342
6.98470308235542
0.0126156743609915
0.0110072443962779
6.46751266678581
6.46765339065227
6.46751108398474
6.46797553787293
0.531255822064298
0.530992127088285
0.530948480137994
0.531181055260497
6.46785836417212
6.46780703408883
6.46786963024584
6.46770446235312
6.46783440349731
6.46772104175008
0.53116336310697
0.531043164672475
0.531012968478476
0.531105234867889
0.531210786245323
0.531031878067194
0.530912774406126
6.46838445434324
6.46756839098894
0.531158501942589
0.530832508599864
6.46771280604711
1.09054348801774
5.90045389982416
5.90086413495758
5.9004648513589
5.90054258575473
5.90081224219545
5.90065390485935
5.90101146990602
5.90066322256461
5.9007139176077
5.90062783043979
5.90076050772689
1.09091430905815
1.09114830363328
1.09100980738534
1.09099937246965
1.09099426609176
1.09146986027244
1.09074050860506
1.09124429786937
1.09092092554879
1.090952696854
1.0909938333171
1.09105993942922
5.90067367266028
5.90059954177183
5.32098175199155
5.32015551422664
5.32057099084587
1.67195749496612
1.67189612080319
1.67195324238298
1.67188946661758
1.67194583234538
1.67188972142502
1.67157882400761
1.67205141554738
1.67189799813197
1.6719515607169
1.67189594217953
1.67185239128545
5.32070650037925
5.32036759637482
1.67199309129343
5.32011332919628
5.32055406584623
5.32032051238215
5.32052211270282
5.32041468554993
5.32034256190559
5.32033201020356
5.32054024090721
2.27359778746559
2.27368941133975
2.27366019201118
2.27363804710348
2.27371685607536
2.27368125178659
2.27362017770612
2.27364694545788
2.27374001618732
2.27352898811099
2.27369409251287
2.88423492912547
4.71973249754599
4.71943526283274
4.71947972581509
4.71942182428729
4.71952866990776
4.71944277056923
4.71946684167569
4.71950544067144
4.71949448014585
4.71945862740051
4.71937991111287
2.27371803494041
2.88456065349952
2.88443609601875
2.88449879365708
2.88444650757994
2.88452739802442
2.88488645947745
2.88429783337663
2.88444197245822
2.2736605245143
4.11131286150171
2.88442023816917
2.88457605122445
2.8845835419896
2.88446775522413
4.11072816553792
3.49904671457543
4.11120029090749
3.49913917071562
3.49930510962155
3.49906927508249
4.11050876953796
3.49910070648156
3.49912978301394
4.11085566886149
4.11106980744845
4.11089390252462
4.1108990149015
4.71939130154023
4.11097208152946
3.49892568884665
4.71938143575055
4.11092118208458
4.11092160158532
3.49907726505136
3.4992076498463
3.49919626801567
3.49905106638568
3.49913418855854
4.11091368664261
3.49906203723938
4.11098850765637
