0.0115544434217334
0.533834041996481
1.0953071752611
1.67574086936607
2.27696290014445
2.887015482133
3.49867621260996
4.1084550320193
4.71344952500758
5.31530489059371
5.89529270469453
6.98261834700094
6.46386809398959
5.89529270469453
5.31530489059371
4.71344952500758
4.1084550320193
3.49867621260996
2.887015482133
0.0115544434217334
2.27696290014445
1.0953071752611
1.67574086936607
0.533834041996481
6.98261834700094
6.46386809398959
6.98261834700094
5.31530489059371
5.89529270469453
6.46386809398959
0.0115544434217334
0.533834041996481
1.67574086936607
1.0953071752611
4.71344952500758
4.1084550320193
1.0953071752611
3.49867621260996
2.27696290014445
2.887015482133
2.27696290014445
2.887015482133
3.49867621260996
4.71344952500758
6.46386809398959
5.89529270469453
5.31530489059371
0.0115544434217334
0.533834041996481
4.1084550320193
6.98261834700094
1.67574086936607
0.0115544434217334
6.98261834700094
6.46386809398959
5.89529270469453
5.31530489059371
4.71344952500758
4.1084550320193
0.0115544434217334
3.49867621260996
1.0953071752611
2.887015482133
2.27696290014445
1.0953071752611
0.533834041996481
1.67574086936607
2.27696290014445
2.887015482133
6.98261834700094
6.46386809398959
5.89529270469453
4.1084550320193
5.31530489059371
4.71344952500758
3.49867621260996
1.67574086936607
0.533834041996481
6.98261834700094
6.46386809398959
5.89529270469453
0.0115544434217334
0.533834041996481
1.0953071752611
1.67574086936607
2.27696290014445
2.887015482133
6.98261834700094
6.46386809398959
5.89529270469453
3.49867621260996
4.71344952500758
5.31530489059371
5.31530489059371
4.71344952500758
4.1084550320193
0.0115544434217334
0.533834041996481
2.27696290014445
2.887015482133
3.49867621260996
4.1084550320193
1.0953071752611
1.67574086936607
0.0115544434217334
0.533834041996481
1.0953071752611
1.67574086936607
2.27696290014445
6.98261834700094
2.887015482133
6.46386809398959
5.89529270469453
5.31530489059371
4.71344952500758
0.0115544434217334
6.98261834700094
0.0115544434217334
0.533834041996481
5.89529270469453
5.31530489059371
1.0953071752611
1.67574086936607
4.71344952500758
2.887015482133
2.27696290014445
3.49867621260996
3.49867621260996
0.533834041996481
1.0953071752611
1.67574086936607
2.27696290014445
2.887015482133
6.98261834700094
6.46386809398959
3.49867621260996
4.1084550320193
6.98261834700094
4.1084550320193
5.89529270469453
5.31530489059371
4.71344952500758
6.46386809398959
0.0115544434217334
5.89529270469453
0.533834041996481
6.98261834700094
6.46386809398959
0.0115544434217334
1.0953071752611
5.89529270469453
5.31530489059371
0.533834041996481
1.0953071752611
1.67574086936607
4.1084550320193
2.27696290014445
5.31530489059371
6.46386809398959
2.887015482133
4.1084550320193
1.67574086936607
4.71344952500758
2.27696290014445
2.887015482133
3.49867621260996
4.71344952500758
4.1084550320193
3.49867621260996
