12.4763797818925
10.9084216113895
9.96219833631857
9.17954092011992
8.43679533045467
7.69462318107948
6.9425869248346
6.18263413190787
5.42410748734317
4.68290799206454
3.97720108907402
2.02362034393877
3.59157837486903
4.53780165042606
3.24822152657545
5.3204590677005
6.80537680380815
6.06320465267206
7.55741306111801
8.31736585216022
9.07589249604036
9.81709200012618
10.5227989381878
11.2517785749828
11.3841497403067
11.4619597028444
10.818813175017
10.0782817075829
7.00256679633997
8.72109610582742
9.36382279672172
7.60738360069987
3.56136162463911
5.00955705337105
5.70119515775451
3.52354491452696
2.91032239132181
4.27508558013836
3.81858048822175
3.11585029679781
3.03804030073373
3.68118680662799
4.42171828039786
5.13617718606187
5.77890388239756
6.89261637648562
7.49743318753783
7.17870940680206
7.81581596066656
9.49044293066611
12.1518562628023
8.79880482943179
9.95617106465858
11.3511812175856
10.2249144088199
10.9764550688593
13.0379261650391
11.5896776063011
10.9386384681174
10.6323632071117
8.68364694979893
1.46207387960522
2.34814371913006
3.14881876775906
4.5438289190364
3.8676367793
11.3665517507291
10.6814194966744
12.0948926027981
9.98569020184038
7.32129057840386
8.5122185751091
8.11027201928109
5.81635302825075
6.68418402633551
3.13344823302318
2.40510739654235
1.03707827712737
5.98778140547947
4.51430978225602
6.38972796895423
6.38900621638493
8.17849193245324
8.78640887848406
13.2531369467924
12.6102653429371
11.2849052263497
10.6383739693573
9.94536797837346
11.9524781171079
13.4629217524357
1.24686310181955
1.88973463800298
3.21509475924519
2.54752187086997
3.86162601844818
5.71359110867264
6.32150805386581
13.4444714922107
12.0459921786142
4.55463198488
8.11099376930666
11.3555972971494
7.0915913232454
10.7004883181785
12.7689867328332
8.75109361206697
10.0404351385403
1.05552842118271
7.40840868169343
3.14440268693466
2.4540078081689
5.74890637385072
1.73101325907052
3.7995116669833
4.45956479529915
13.7531755208416
12.8364922346962
11.5626048123575
12.2111799701115
0.746824440765645
1.66350774599195
2.28882001437385
2.93739517154366
3.71927268294768
12.9608749022745
4.88514170956725
5.55684190165805
9.0701055878191
7.36927238181586
6.70070300608764
11.9311516714187
9.69009627413498
8.14328540366414
13.2179793726612
11.3556113170106
12.5910499325281
9.61485827474643
10.7807273042053
8.94315808377862
7.79929698223709
7.13072760638978
6.35671458664777
5.42989439868585
4.80990371195573
1.53912494269095
2.56884831453125
1.28202061715073
3.14438866401345
0.795986847027388
1.90895005367175
1.28691058246849
1.95330920376205
2.59437689612057
4.04125311541723
4.65682736200334
5.61396755012407
13.8498490884479
6.36708359501919
7.20027396332491
13.1365651191504
8.08973238526728
12.5373364824869
8.85307561146448
11.9124942018324
0.650150893812071
1.3634348686661
1.9626635020801
2.58750578577648
9.83541976920929
4.66458021729424
5.64692438281353
6.4102676058733
13.7040131328389
12.5466907804657
11.9056230899379
9.8431726276724
8.13291639820193
8.88603245128552
13.2130894023102
4.06684618020921
10.4587468724804
10.4331538054644
7.29972603635204
9.33608801968519
8.52843026601691
7.55820436014672
6.80155521893435
5.87009956266195
0.108093958084012
4.97891963295126
4.20597733878258
2.64283874439362
3.20120027750534
1.25592953255869
0.740331775250777
10.1830154311712
0.446336852138052
1.03851157338405
1.6184031802269
2.234377905874
3.56719781019226
4.22270895394975
5.27180602246651
14.3611367600259
13.5151586410455
12.9402757743844
12.3610226610787
0.257838540177972
14.1696851741368
13.5833992155694
5.95674251516806
0.93088134664392
8.65687801754284
7.65552226841071
10.3704718862502
12.9914342865406
1.51329371721389
9.34925707340575
6.96749989710414
11.1849146936079
3.31311419208366
5.04049053013885
9.46609437642396
12.0089474996768
10.2896554647867
6.01341300553131
4.20933910921024
10.9804908114316
8.50253743786907
6.7566586373929
2.52611962412261
7.76164093667031
14.2681579700406
13.167436363433
11.1542305126498
11.8239305088063
13.7428852284221
14.0536631167137
13.4614884116051
12.8815968030855
12.2656220863951
10.9328021762006
10.2772910343094
9.22819396707465
8.54325747434129
6.84447771938161
0.138863139791759
5.84312197046791
2.1389773265246
0.98484134849945
4.12952809945968
7.53250009193995
1.55972420908197
5.15074291435889
3.51950917872989
-0.272165213767098
0.902502520798154
0.440781948021876
3.80917370308472
2.28860495766753
2.8310677321471
5.47088946700228
4.67154134363879
14.2421614537452
13.5691186374706
12.9867062672845
11.1868857955673
0.330314801260638
0.916600767105538
11.9738803732359
1.50856569895743
10.2906608838314
9.45950945856478
3.31508529416907
8.48658698583201
6.44703101239173
5.99746255348955
7.7433413505973
14.2123741394618
13.6569790568858
7.28710574923804
8.10223248886416
9.08233638695864
4.21034452626242
5.03390560973984
6.7383590514519
14.0627354550476
11.7843960811837
10.7493239709678
12.3369582514914
9.91669032902242
2.4910525129605
0.588381463132125
0.0597741999669083
1.85141526378319
2.35405371409927
3.36086565784659
4.21452684988754
5.00641053257927
13.9103826297753
14.4522623924361
5.95923298436711
6.87328138720603
7.6765118354642
8.57680225310434
12.6771953224512
9.54230685965408
11.1844983261909
12.2069625560744
14.3919060108394
13.7596682103722
13.2440704539903
11.8571612405516
11.2987997105714
10.2940226516797
9.52108035756063
8.62990042489892
0.231842010184825
10.3645469019236
1.33256362212911
7.69844477349462
4.31698455757662
0.757114755809756
6.94179563003283
2.67606948181372
5.97156972149763
5.16391197044731
3.34576947257432
0.433264809355172
-0.0275080852903539
3.27996032236187
1.78026346813932
14.7721651692529
14.0592180380566
13.5974974640083
2.58255653303246
4.20867599422701
5.05735945826708
5.82501218712419
6.71031990353496
7.63246369680561
14.4873608709552
8.46779503237738
12.6835782456544
14.081598620903
9.28235051987788
10.2071927195552
11.8052009558717
11.1280747590948
11.6689322588527
12.2113950304754
10.6908262866947
9.82845864861919
8.05296897719807
0.287625847535804
0.437264535156923
6.39776750071493
5.41766360077487
0.843020926654973
2.71560390647564
3.75067601690857
9.02911052268439
7.21289424075698
2.16304173128156
4.58330966265479
0.000104925451571537
0.347483050195972
14.4402257776741
13.911618524095
1.59221811362781
14.5035820060731
12.6485847199671
12.1459462744311
14.1451038387125
0.0477375906273457
0.589617356248642
2.59662684865605
11.1391343312858
12.9092141379671
3.41288010376066
4.18879655869806
5.08080126782531
10.2854731404234
1.82280466260934
9.49358945757271
11.9046797642328
5.99939317591014
8.54076700440199
3.31550166086067
9.41909411120408
5.92319773264005
6.82348815394658
4.95769312769957
8.50140536385389
10.3101235777039
6.8543349037811
7.62671860295065
7.64785419696943
2.29303742897885
11.0862217520354
4.1354530844251
14.0667351750046
14.5275080692359
-0.0288358125730773
-0.443079568587732
1.30667425596005
2.11937820474298
2.80320073812498
3.65441834025498
4.58262315314326
12.719736519685
0.012639111634787
0.418401366490054
11.2200396668507
1.81642173991722
10.2913239926142
11.9174434570731
2.69479903454076
9.44264053158019
8.67498780086781
6.8675362923926
6.03220495918815
4.29280726844713
3.37192522761289
5.50427954390625
7.23409181271833
13.1619734501541
8.98459385720189
9.91593452501982
12.3567217334009
8.08773165641091
10.8523436936594
7.78968008517081
5.21764946968641
14.5028773974953
14.4764263190802
6.38824751019716
11.7109224688916
14.4998950581125
14.1525169231201
0.00851531918781203
1.07143033730611
0.358588418910091
-0.00358202581228629
2.06513388701988
12.9077818714908
0.354896150845774
2.98633609624832
14.4950297848899
8.50060681334995
9.41919872054782
5.08090587824332
5.99859462459806
3.8519709613016
4.66759019847577
11.9033731384278
4.18987641307563
2.59532022113971
6.85214579298517
10.311203431129
11.08711988496
7.6456650860656
1.59078584997279
5.47279535458735
13.3969484266075
12.4088493857237
8.86953284081451
7.16280146108808
8.02063660955767
14.225742385714
3.41377823558492
11.4763969679327
9.71670418690844
6.30658767634362
14.5288357969447
14.9430795632575
10.5808391323866
13.1933257319253
0.00497019695763296
12.380621784808
1.3380265366517
-0.00287742522144373
0.0235736386902753
11.6967992508048
2.14327825457573
14.4914846636596
1.1030515616182
0.274257594110247
3.64765629497128
10.8455816482127
13.4285696477064
4.58406546402459
2.09115060156446
14.141411562786
12.4348660991337
5.51540613159015
9.91737683416299
6.41226833282797
7.2659081783759
8.99572044483708
3.02360301996132
11.5136638911918
5.63046714685745
6.47936338030017
9.83240979059491
10.6480290264307
2.78907751956087
4.78329580395114
9.02720463632673
7.3371985292085
8.1117524798477
8.19341231180146
3.91916085698748
