14.4873582744679
14.4978239767611
14.5000202371969
14.5002133126124
14.5000239323176
14.4999199581835
14.4999777737379
14.5001019614086
14.500083273638
14.4995923476213
14.4982026332051
0.0126417237433702
0.00217602343367274
-2.02370090239904e-05
14.4963985293127
-0.000213312439827519
8.00420307480847e-05
-2.39320782264193e-05
2.22264612019146e-05
-0.000101961182695651
-8.32734023869968e-05
0.000407652489092393
0.00179736640685349
0.00360146924338468
14.0136356698753
14.0011447465216
13.9995994756505
13.9998777186278
14.0002301776485
13.9999465043156
14.0001647795124
13.9998515908146
13.9773511180144
13.9998615576703
13.9999256581111
14.0004386565558
13.9983011117101
14.0001730382936
13.5000913171286
0.486364329597372
0.498855253427475
0.500400524610314
0.500122281542975
0.499835220732284
0.500053495851782
0.500148409509608
0.499769822580629
13.4998837138207
13.500096330741
0.500138442556567
13.499071149145
0.500074342071018
13.4999216966986
13.5000045053123
0.499826961863409
0.49956134368038
13.497580485886
0.501698888323693
0.5226488806675
13.5001425066876
13.4994037709183
1.00241951347956
1.0009288511119
0.999995494896056
1.00007830353321
0.999857493505602
1.00034604699084
0.999908683086219
1.00053706502295
0.9998237568763
1.00011628639014
0.999826585021345
1.00001932055493
1.00059622939336
0.999903669444312
13.4996539532402
13.4994629349866
13.5076514502582
13.5001734152534
13.5001762433498
13.4999806796143
13.0000233236251
12.9999510375478
13.0000206623932
13.001838863218
13.0004174064657
12.9999763392366
13.0000982928762
13.0005623806414
12.9999130599352
0.992348549321844
1.49816113609105
1.49958259380492
1.50002366096774
1.50008694023529
1.4999017072968
1.49997933778956
1.50004896264715
1.50106779698936
1.49995010121552
1.49943761988074
1.49997667657876
1.5000428425814
1.49989125374101
1.49999127418753
1.49979814962401
1.49996951411036
1.50047181464099
12.9989322042423
13.0001087461913
12.999957157646
13.0000498989734
13.0000304860902
13.000201850492
13.0000087260246
12.9995281862919
12.4982070084013
12.5008596522456
12.4997634222611
12.4999829661634
2.00179299214444
1.99914034802889
2.00001703405711
2.00023657796778
1.99806994123416
2.01376246673858
2.00013730649292
1.99978562822903
2.00018296659306
1.99991052956716
1.99982926528958
2.00016612070756
1.99989339088753
2.0003159994621
2.00013246990074
1.99988201695121
1.99969976097179
12.49986269373
12.5019300589486
12.500214371978
12.5001707348763
12.5000894706005
12.4996840006755
12.4998170335987
12.5001066093101
12.4862375354641
12.499833879492
12.4998675302437
12.5001179833185
11.9974027238751
12.5003002392241
12.0002772810635
12.0000665477442
11.9997474578202
12.0002060709927
11.9998345762656
11.9996813259163
12.0002617101406
12.0000068313353
12.0002889491628
12.0005509387571
12.0001745616439
11.9998320116109
12.0000338235683
11.9999888992606
2.49973829011149
2.49944906141608
2.50016798860848
2.50001110091554
11.9999353533671
2.5000646468248
2.4999661765132
2.49982543848209
2.50259727641106
2.49993345247999
2.50025254237798
2.50016542388125
2.49999316876114
2.50031867406382
2.49972271915282
2.50010278956131
2.49979392917934
11.9998972106423
2.49971105084195
4.00027017503662
4.00005592873905
3.9999765190494
3.99980358868382
3.99984894992469
4.00045230957418
3.99988425725689
4.00012264278251
3.99987791206205
4.00021240488333
4.00032631383661
3.99974247996067
4.00014833318695
2.99876481575218
2.99967010177343
3.0002347056026
2.99960524679211
3.00024371974575
2.99981669742917
2.99984577680564
2.99751157886186
3.00041202709788
2.99991850371254
2.99998091596462
3.50015238192258
3.5009283227153
3.50017741502115
2.99985594932356
3.49967562231927
3.00017830664291
3.00018127857239
3.00002175545837
3.49972736678145
3.50025970644651
3.00005968811037
2.99991246379191
3.49995797991373
3.50017675603657
3.49980497113037
3.5002151819496
3.49886586258628
3.50029213708514
3.49971204694751
3.49994252176075
2.99981198608557
3.50024674972689
3.49991026735516
3.50095875673373
3.49997437952367
4.00078344726888
4.00017035245214
4.00013644974338
3.99978400588102
3.99983099855418
11.5012351846903
11.5003298984397
11.4997652946343
11.5003947533175
11.4997562804475
11.5001833027374
11.5001542233427
11.5001440508251
11.4998187216006
11.5024884225616
11.499821693527
11.5000190842113
11.4995879730504
11.4999782447443
11.5000875363633
11.5000814965221
11.499940312063
11.500188014054
4.50278344999191
4.50039328734756
4.49953496252262
4.50004832181883
4.49989739234213
4.50023170615228
4.499765602324
4.4997504679648
10.9998476181638
11.0003243779065
10.9997402937738
10.9998232441389
10.9990716776343
10.999822585225
10.9990412433037
11.0002726334246
11.0000574783381
11.0001950290302
11.0000420202599
11.0002879531752
4.49981632039373
10.9997532503959
11.0000897328155
4.50028122767903
4.49965935682883
4.49997823827447
4.50018387671586
4.50024170266774
10.999707863042
10.999784818247
11.0000256206451
4.51572026036138
4.49999998750016
4.50001576670583
4.49988096217753
4.5003729178327
11.0011341372339
5.00006484877481
4.99986543321113
4.99992558500591
5.00002920740388
4.99999584944335
4.99991175971278
4.99994147636161
5.00002521548517
5.00002487788269
4.9999796423583
5.00003736632991
5.00010394291773
5.00007730135766
5.00047630141692
5.0000542650563
4.99985207719275
4.99980538562215
10.4995476908674
10.5002575202436
10.4996736863545
10.5001220881519
10.4997875952861
10.499877357353
10.5001157428779
10.500151050252
10.4992165530122
4.99990549758673
10.4998296477531
10.5001964114238
10.4998516669729
10.5001690016699
10.5000234810901
10.5002159942523
10.4999440714383
10.4997298251036
10.4998635504666
5.49992800468696
5.50003874994717
5.49990962204452
5.50014017921651
9.99721655064044
10.0004650376749
9.99960671286816
5.50013775981142
5.49990491177235
5.49992317196116
5.50003322719302
5.50007214672992
5.50008927196128
5.50037505559009
5.50006392061423
5.50016655619239
5.49970254380575
5.49995718308066
5.49990901815755
5.50003311684024
5.49984919322708
9.99976829397512
10.0001026078261
9.99995167832616
10.0002495321447
10.0001836797539
9.99971877250546
9.98427973977472
9.99981612343189
9.99975829750624
10.0003406434049
10.0000000126746
9.99998423346612
10.0002343978222
10.0000217618671
10.0001190380666
9.99962708228495
5.99977658599847
6.0002749403842
9.50013456710664
9.49993515140672
6.00013900946087
6.00017849354598
9.50007441522504
9.49997079275911
5.99984933385246
9.49997512235803
9.49997478471345
6.00014172932349
9.5000041507111
5.99984419344874
6.00013827320229
5.9999516815087
5.9999003304955
9.50008824042489
9.49952369879539
9.50005852377835
5.99984803580543
5.9998912878849
9.50002035780129
9.50014792299124
6.00010921835892
9.49992269884491
9.49989605723276
9.49994573512342
6.00010384497125
6.00007821108426
5.99992767233839
9.49996263380996
6.00004840389024
9.50019461459025
5.99989273747523
9.50009450260724
9.0000719955353
8.999961250281
6.50003004091128
6.50262646953852
6.50019782475706
6.500134169602
6.49984760377457
6.49989630908389
6.49994488355563
8.99985982095653
8.99962494465733
9.00029745637338
9.00009037810877
8.99983344401267
9.00009508841463
8.99986224032918
8.99996688329597
9.00007682818309
8.99996677297758
8.99991072819218
8.99993607950558
9.00009098201294
9.00015080696181
6.49999265862446
6.50010227071935
6.50025968485453
6.50001321740776
6.49995784171148
6.50014632233358
6.50007350531094
6.49989182112437
8.99992785343055
9.00004281706758
6.50067774834656
6.50162530203431
6.50005643352449
6.4998099967928
8.50022341423512
8.49972505999501
7.00007043674332
7.00024832041769
6.99989332460703
8.49982150673454
7.00019199084802
8.49986099075062
8.50015066629594
7.00012157611483
6.99979073411029
8.50010871226776
8.50009966966975
8.49989078179106
8.49989615519289
6.99999355470597
6.99987418862578
8.49985827086007
8.49992178904678
8.50015196440246
8.49995159625258
8.50004831863588
8.49986172695805
8.5000723278059
8.50015580672266
6.99991181674737
6.99989526227107
6.99986131500219
7.00004484607687
7.00010078167243
7.00011877864675
6.99958878143015
8.5001072627007
6.99982829972646
6.99991240746425
7.00002082483956
7.99996995931081
7.99737353053762
6.99983119694165
7.9998021754151
7.50020926614768
7.99986583054644
7.99974031533298
7.9993222520476
7.99837469856551
8.00015239638268
7.99985367783727
7.4999295635005
7.50010473789626
7.50041121885666
8.00010817903719
8.00010369107997
7.49975167979543
8.00004215844419
7.50013868517846
7.50010667565276
7.49980800934886
7.99998678275149
8.00005511662474
7.99992649484196
7.99989772940718
8.00000734153547
7.50017170044559
7.49987842406383
7.49995515409841
7.4998812214975
7.50012581152989
7.50000644546862
8.00019000337127
7.50008759266568
7.50008818338206
7.49989921846565
7.99994356661692
7.49997917532918
7.50016880320937
