6.44758698382295
6.44777636308421
6.4476064395237
6.44739576917756
6.44779617663766
6.44749889937347
6.44766318010472
6.44732292856953
6.44743211217339
0.0524130124561287
0.0522236331821673
0.0523935567193954
0.0525010968583256
0.052604227060309
0.052677067680653
0.0522038196285567
0.0523368161770886
0.0525678840967822
5.71315544958915
5.71312483152965
5.71353598500084
5.71369529612983
5.71308715641585
5.71338339175333
5.71368932247379
5.71315102845156
5.71377172254294
0.786844546242992
0.786875164217375
0.786304699570128
0.786464010699263
0.786616604068843
0.786912839398359
0.786310673306084
0.78684896729241
0.786228273181374
4.90265709219796
4.90270317522578
4.90255517551114
4.90250148734771
4.90257015492451
4.90245354472838
4.90268639302567
4.90268487954765
4.90246650060569
1.59734290338666
1.59729682046061
1.59749850827665
1.59744482014445
3.25012027487618
3.24987972065757
3.24999640750772
1.5975464508497
3.25000358812181
1.59731360266235
3.24989369468113
3.24991142654161
3.25010630088986
3.25008856894228
3.24999999772383
1.59731511607196
1.59753349492494
1.59742984062223
4.07644898465857
4.07704831791141
2.42355101075356
2.42295167741463
4.07752702583228
4.07758191351022
2.42241808195234
2.42247296958181
4.07709282942671
2.42290716590211
4.07696643077146
4.07656329543476
2.42303356476492
2.42343670004211
4.07741042687944
2.42258956863203
4.0765474755442
2.42345251982953
