6.44057756595897
5.71797497896848
4.91407260328541
4.08481048057581
0.782025020816603
0.0594224340434433
1.58592739655511
3.25000000004225
2.41518951942886
0.0594224340434433
0.782025020816603
1.58592739655511
6.44057756595897
2.41518951942886
3.25000000004225
5.71797497896848
4.91407260328541
4.08481048057581
6.44057756595897
5.71797497896848
4.91407260328541
0.0594224340434433
1.58592739655511
2.41518951942886
3.25000000004225
0.782025020816603
4.08481048057581
0.0594224340434433
0.782025020816603
6.44057756595897
1.58592739655511
4.08481048057581
4.91407260328541
3.25000000004225
5.71797497896848
2.41518951942886
6.44057756595897
5.71797497896848
4.91407260328541
0.0594224340434433
2.41518951942886
4.08481048057581
0.782025020816603
1.58592739655511
3.25000000004225
0.0594224340434433
0.782025020816603
6.44057756595897
1.58592739655511
6.44057756595897
0.0594224340434433
5.71797497896848
2.41518951942886
0.782025020816603
5.71797497896848
4.91407260328541
4.08481048057581
1.58592739655511
2.41518951942886
3.25000000004225
4.91407260328541
3.25000000004225
4.08481048057581
6.44057756595897
5.71797497896848
0.0594224340434433
0.782025020816603
4.91407260328541
0.0594224340434433
6.44057756595897
1.58592739655511
0.782025020816603
5.71797497896848
3.25000000004225
2.41518951942886
3.25000000004225
4.08481048057581
4.08481048057581
2.41518951942886
1.58592739655511
4.91407260328541
