-0.340999198128758
-0.341010320421521
-0.341002545616331
-0.341003011301225
-0.341008575494008
-0.341003449098136
-0.34101226694336
-0.341000739218836
0.341012266943088
0.341000739218563
0.34100344909786
0.341008575493739
0.340999198128479
0.341003011300949
0.341010320421251
0.341002545616056
-1.01193421317092
-1.01196391545048
-1.01196057051964
-1.0119409896895
-1.01193876535214
-1.01194324781817
-1.01195621032283
-1.01194382436049
1.01193421317055
1.01196391545016
1.01196057051931
1.01194098968913
1.01193876535179
1.01194324781781
1.01194382436014
1.01195621032249
-1.66075042547415
-1.66074867372516
-1.66074165211951
-1.66074929964392
-1.66075095002212
-1.66074979354057
-1.66075045127978
-1.66074109355205
1.66075042547521
1.66074867372615
1.6607416521205
1.6607492996449
1.66075095002315
1.66075045128083
1.66074979354158
1.66074109355303
-2.23842317525555
-2.2384288159347
-2.23842745300962
-2.2384220591778
-2.23842017079449
-2.2384240498213
-2.23842715298464
-2.23842132697637
2.2384231752574
2.2384274530116
2.23842881593669
2.23842205917966
2.23842017079642
2.23842404982319
2.23842715298659
2.23842132697832
