-2.23895464519477
-1.65708494485216
-1.00839883295092
-0.337995781576
0.343970217963903
1.01298892503353
2.23954390306457
1.65987809208673
-2.23954390306481
-1.65987809208705
-1.01298892503299
-0.343970217964758
2.23895464519509
0.337995781576145
1.65708494485186
1.00839883295158
2.23832100197168
-2.23733283318042
1.66168276126169
1.01296405218467
-1.6579875614021
-1.00854308316435
-0.33723914882347
0.343671749348925
-2.23832100197092
2.23733283317855
-1.66168276126361
-1.01296405218333
1.65798756140246
1.0085430831648
-0.343671749348844
0.337239148823741
2.24079730553911
1.66705144791882
1.02279629414104
-2.23792000812982
0.354447353350828
-0.32873004333182
-1.6542381351905
-1.00235909534924
-2.24079730554251
-1.66705144791718
-1.02279629413939
2.23792000813188
-0.354447353351715
1.65423813518796
0.328730043333303
1.00235909535162
-2.23772273563192
2.24221426894312
-1.65078028435853
1.67287116335445
-0.995926037576311
-0.320105714780214
0.364419799066916
1.03271976230051
2.23772273563688
1.65078028435272
-2.24221426894806
-1.67287116335047
0.995926037573289
0.320105714779255
-0.36441979907171
-1.03271976230415
