3.46742262657252
3.46410688896338
3.46274859526819
3.47513318808782
3.46602881030107
0.0325773734017309
0.0358931110183059
0.0248668118776957
0.037251404705143
0.0339711896741668
2.81614544060909
2.82752246554092
2.82239076357897
2.82245320291445
2.82254498116894
0.683854559371025
0.672477534431442
0.677546797064042
0.677609236399705
0.677455018815055
2.09445085346986
2.1077619215174
2.1148320297977
2.11985436715084
2.12818191603303
1.40554914651458
1.39223807846366
1.38516797018536
1.3801456328249
1.37181808393545
