2.49257918919817
1.9599477871302
1.36804383793916
0.045301556736853
0.710406254848193
0.00742081078366858
0.54005221289531
2.4546984432709
1.13195616201259
1.7895937450291
2.45490959659282
0.0384137572255589
1.84256981398115
0.636318800691067
1.2381779122015
0.0450904034424516
2.46158624280978
1.86368119917202
0.657430186006845
1.26182208762352
2.45925653015551
1.84026260330215
1.19814528045366
0.584507665995323
0.0173291444055955
0.040743469705132
0.659737396677278
1.30185471941971
1.9154923338637
2.48267085563438
