0.000348365712445282
0.000347790340700526
0.000348043298055933
0.000347903172303462
0.000347914987024465
0.00034804885728174
0.000347829139127282
0.000347946911552812
0.000348087273483335
7.00049016621526
7.00049041838183
7.00049052195058
7.00049059123625
7.00049004388051
7.00049043848555
7.00049048154021
7.00049025472551
7.00049044672082
0.000347492849309534
0.000347980396967664
0.000347682729279737
0.00034812304629413
7.00049041201403
7.00049039000705
7.00049037425095
7.00049042151315
6.50804579055252
0.504596753459015
0.50459667627204
0.504596692419441
0.504596666148094
0.504596625867476
0.504596745480589
6.50804671809055
6.50804567428894
6.50804582765902
6.50804697912943
6.50804643941195
6.50804659067072
6.5080459551512
6.50804611941011
6.50804626577126
6.50804618430572
6.50804636512144
0.504596620593287
0.504596814832116
0.504596491246919
0.50459638145921
0.50459692988278
0.504596375188582
0.504597147534818
6.50804619579341
6.03347653864902
6.03347616238258
6.03347632053349
6.0334762011114
6.03347642861167
1.0249227758035
1.02492307160829
1.02492292067095
1.02492301708557
1.02492298943117
1.02492295493437
1.02492303278148
1.02492296479607
1.02492298402997
1.02492284324556
6.0334764080603
6.03347631891525
6.03347623623555
6.03347632276429
6.03347627057036
6.03347629578811
6.03347629789954
6.03347631399105
1.024923165502
1.0249229119675
1.02492312416367
5.4429603251926
5.4429602782696
1.58941824974098
1.58941829183455
1.58941826202926
1.58941828626884
1.58941827548016
1.58941843424204
1.58941826942923
1.58941829614397
1.58941826435658
1.58941828256686
1.5894181743337
1.5894182316832
1.58941836792666
5.44295982489672
5.44296083822968
5.4429600247591
5.44296014852968
5.44296032012229
5.44295990355801
5.4429602888775
5.44296020751896
5.44296011472801
5.44296021775705
5.44296007311707
4.81501301152623
4.81501314034469
2.20913169678509
2.20913160632957
2.20913163613259
2.20913161696917
4.81501281411313
4.81501344566463
4.81501288459204
4.81501310351104
4.81501288795489
4.81501300097608
4.81501303936095
4.81501309867515
2.80182656140847
2.20913163578094
2.2091316312138
2.2091316222228
2.2091316191598
2.20913163771309
2.20913162736444
2.20913162831087
4.23545554461123
4.2354556427133
4.81501309072356
4.81501304419737
2.20913162478404
2.8018264345026
2.80182647839864
2.80182644854779
2.80182648421552
2.80182645236569
4.23545559341573
4.81501295411915
4.23545562037759
2.80182622072302
2.80182641986537
2.2091316230706
3.34786278320465
4.23545570916533
2.80182659895559
4.2354556290192
4.23545563919147
2.80182652256553
2.80182635431927
3.34786252629279
3.34786272372825
2.80182639555249
2.80182658364213
4.23545548310411
4.23545557590279
4.235455534476
4.2354556270756
4.23545563646517
3.34786280039666
3.34786264426881
3.34786267333447
3.3478626621548
3.34786271523613
3.34786274245706
4.23545586757418
3.34786267209744
3.34786292007274
3.34786277675569
3.34786274303218
