0.000520779368846692
0.50605097019736
1.02945522577987
1.59929690546991
2.22443510417633
2.81907578369986
3.37892931791716
4.23246483223457
4.81177172973135
7.0005353779395
6.50815833484892
0.000487933028112641
6.03427881532461
5.44600916173871
4.82145881946047
4.24489510528957
3.34361328622017
2.81212428574743
5.43588919101087
6.50664415510751
7.00047939385598
6.02521848955604
2.21936139273872
1.59892326371087
0.505940727281053
1.02968951598392
7.00060464472013
0.000347468462169678
0.504420226257855
1.02373694826943
1.58546733608703
2.79245223105881
2.20212084974296
6.51015896604758
6.04205512977342
4.81720792067424
5.45554535000644
0.000306250334327651
4.23590921928802
3.33508915286905
2.79587331001775
1.02403969650991
1.58779138953315
2.2053533232225
3.34009846835769
4.22692099103328
4.80448065420985
7.00050292950469
6.5074105545783
6.02830403190636
5.42382847719871
0.504306391955109
7.000418925846
6.50829893619976
4.83186388638527
5.4670679246467
6.04072114469934
0.000481971023599023
0.505737151312482
1.02909551246412
1.59965945062355
2.22783666285627
2.82567482455523
3.38985023935656
4.23889697045094
4.81724315084287
6.50580290499142
0.000490153794910519
4.25217751615881
3.34733447373132
2.81518270177339
0.505937809014346
1.59952494715892
2.22154811730252
1.02972721399393
7.00038967161305
5.43565666647894
6.02334442482653
7.00076399077556
6.51170781026639
0.000394270896599177
0.50489782270979
1.02575271068663
1.59106937595327
2.21332471952924
7.00048138708503
2.80729906730757
3.36358146226415
4.22978948185374
4.80739602959919
6.50682726173509
5.42432014297457
6.02522451523385
6.04390751893878
5.44969543544925
4.81568304376343
4.23738538320581
3.32768408663233
0.000467680668992407
0.505498388129898
1.59466995094199
1.02783620173988
2.21167265057347
2.79981222324314
7.00060453805332
6.50911953796194
0.000411221133504859
0.505091877420688
1.0264767309631
1.59276770749348
6.03607336171213
5.44524038325483
0.000506546867510143
0.505886166666583
4.81789041452278
1.0291572087183
1.59766503980139
4.24000781115927
0.000328357360740095
2.21508956611503
7.00051699453289
2.80870728127687
6.50753291164363
6.02884813797544
4.23240504661128
3.36158424113649
0.000446517307746162
0.505300388667984
2.21825125630743
3.34960802671789
4.81074111697309
0.504275577083418
1.02326444658735
1.58473736976682
2.20131777373334
2.79093418950312
1.02692851063013
2.81008865660201
1.59255863121422
7.0006695254455
3.33848334985748
5.4323362844401
7.00075469359488
7.00069838981273
6.50904008061353
2.21035259020864
6.51076444843821
4.22281031977527
6.03115526766191
0.000431905454059684
6.51024820883911
4.8005047089576
5.42155486555286
6.04061164766474
2.79955404793937
4.81316329554463
4.23466792470659
3.33669421309308
0.505215777990046
6.03585629326584
1.02684563816365
4.80911597954832
4.23221980661342
1.59272392373095
5.44364773438263
2.80206221694032
5.4321011638287
3.3440148994076
2.21185586110839
