0.0323674171910899
0.0359910166000004
0.0373785259644543
0.0249645542559859
0.0335967175175504
0.672747920523242
0.677402570840167
0.683968809174395
0.677488013624972
0.677735571674948
1.40314033133156
1.38886288591225
1.38238084960387
1.37367439922981
1.75000000493383
2.09685966841875
2.11113711359844
2.11761915011035
2.12632560056592
3.46763258302785
3.47503544527265
3.46640328278454
3.46262147370322
3.46400898345445
2.82725207904944
2.8225974293415
2.81603119040494
2.82251198615084
2.82226442839048
