0.0149624838257894
0.547466924076745
1.14437524537574
2.45588496696759
1.81162818450458
2.45179327276053
1.85413926465055
0.0384920692265692
1.24385305147513
0.639796700254881
0.13098333289909
0.917123650235104
1.65451994687313
2.38867815063766
1.25000411250448
2.36901667722518
1.58287638095719
0.845480081859693
0.11132186131342
2.48503751089625
0.0441150436030244
0.688371809752458
1.35562476420574
1.95253307590262
0.0482067408276596
0.645860746608465
2.46150794437508
1.25614697397016
1.86020331437733
