8.84867262805719
8.33969683255701
7.60303396962531
6.84483853512324
6.10061662178322
5.37124456542658
4.64410568915957
3.89355082362193
3.06825703857968
2.0486865694304
2.65132736375394
3.16030316136376
3.89696602750371
4.65516146276628
5.39938337622004
6.12875543257143
6.85589430793622
7.60644917268691
8.43174295429029
9.45131342291612
10.8541254370382
9.49365765900968
8.67203160638618
7.9375574041018
5.80046410108223
7.26002180173215
6.71973289567373
3.73336376959124
4.4436384796029
3.00665153653372
1.87955717206635
2.30440053052493
0.64587459105548
2.00634233947373
2.82796838918836
3.56244259377226
5.69953589705918
4.23997819608049
4.78026709977014
7.76663622794988
7.05636151822574
8.49334846007332
9.62044284102706
9.19559946720177
10.4887267669943
9.70578209245038
9.06303275810136
8.43184979795715
7.8266004726534
1.01116388704344
1.72723116383823
2.43170533416472
3.06051577669213
3.64019268620284
5.18408521173306
5.73969686369195
6.32538723054945
1.01127325234248
1.79421790411848
2.43696723899034
3.06815020004261
3.67339952355174
10.488836123374
5.76030313368562
5.17461276706784
6.31591478482472
9.77276883388232
7.85980731077571
9.06829466377288
8.43948422145131
0.724538928259519
1.35377312635818
2.05823017974345
3.87550508058448
2.74852008392526
10.7754610815866
10.1462268723928
9.44176981718617
8.75147991403204
6.89490661550245
7.62449491569255
2.55867133968696
3.42197943068555
4.42089182071848
5.11505919045245
6.19159661497705
8.94132865694656
8.07802056440943
7.07910817668893
4.60509338178082
6.38494080683218
5.30840338047422
0.791932128099083
1.223760711861
1.87224742586268
10.7080679027913
10.2762392881446
9.6277525729388
1.22880527828919
0.542997567062562
1.88859006104315
3.68570116558968
4.40040681751941
10.957002435138
10.2711947191756
9.6114099362431
7.81429883182064
7.09959317878507
6.08600947360198
8.83554529286443
5.36945179039334
4.35351335317912
0.50072234726103
1.19334096734561
1.85940544042193
2.6043069978301
2.66445470312813
5.41399052336776
6.1305482059981
7.14648664332092
10.9992776489766
10.306659032506
9.64059455723126
8.89569299690422
3.65481252495041
7.84518747200224
11.2227351266485
10.0244117167595
10.6602604611486
8.30867121199555
9.1800523727192
0.277264877747425
0.839739536791641
1.47558828144154
3.19132878486986
2.31994762023073
6.52590265739215
4.85095758251609
3.94892666646069
4.1302265587452
4.97409733881951
5.84974268998609
6.64904241368649
7.55107332916849
10.5692077217673
8.21247362325756
7.36977343714444
5.65025730552108
0.238394833894139
0.930792276739649
3.2875263740806
11.2616051674827
9.94272297237324
8.98817834775454
1.55727702621157
2.51182164867963
11.3908037825427
10.7711321142355
10.1654140181574
9.05610909375673
8.39787835353415
7.44034289335542
6.67491516840448
5.7799625883476
0.129332520506078
0.765342098391614
4.91134639669936
4.1182686261917
2.48968812464914
3.16524656811521
0.109196216180871
0.72886788339046
1.33458597909596
2.44389090354641
3.10212164378653
4.05965710365459
4.8250848278951
5.72003740773862
6.58865359939384
10.7346578992536
11.3706674748719
7.38173137033166
10.1300421328865
9.0103118726677
8.33475342899739
1.36995786705577
0.664527649399325
0.0672360387044464
2.29646927267098
1.37246700758885
10.8354723482031
11.432763958064
9.20353072482199
10.1275329897318
3.16585197969671
3.9556221518282
4.90169857998871
5.72654033178841
6.56197162405925
7.50099957603395
8.26898409572772
9.16640935131543
10.8243934147793
10.0476400365003
11.4053100094034
8.33414801641831
7.54437784463179
6.59830141641288
5.77345966463051
4.93802837289977
3.99900042107684
3.2310158997585
2.33359064617294
0.675606583449993
1.45235996101602
0.0946899896293464
0.0364616237800003
0.551785817612807
11.4635383733664
10.9482141810624
1.6231821349102
8.27713633723906
7.40027231905486
2.24479973190762
3.17908516099601
5.73474073813873
4.0440795291583
4.83713810775717
0.0479159988669305
0.560374136787556
4.09972767754185
4.88031504871356
5.76525925874564
9.87681786343618
7.45592046692488
8.32091483597105
9.25520026393693
11.4520840007044
10.9396258612154
6.61968494801904
9.19335079721675
9.84724224494985
6.66286188842433
3.2228636596173
2.30664920009528
1.65275775315914
11.4841702798347
11.0142196987469
9.91874378604456
0.0162986263744335
0.490730750195427
1.58287840268704
9.08375408928917
7.45095964287343
8.33186106030138
6.56010178562124
4.05047201000448
4.9405819877165
0.0158297209463058
0.48578029867196
1.58125621064964
11.4837013716214
11.0092692469619
9.91712159493247
2.41624590680577
4.04904035388946
3.16813893627116
4.93989821103218
7.44952798671281
6.55941800881294
9.07891921795007
2.42108077874022
3.17165284247698
0.0171072615827834
11.486081875086
8.32834715407389
11.4828927361606
0.0139181241786939
0.856366776361573
5.75017107893568
5.7498289173674
10.6436332190665
9.04567818231462
9.96775086677563
0.892225726496984
8.17573962148341
2.45432181489696
2.44727558525914
1.53224913042455
3.30865163986819
10.6077742743816
3.32426037502145
9.05272441158437
4.09331080585005
8.1913483567832
1.53473259659924
7.39282009291204
6.60270546290387
9.96526740090383
7.4066891909719
5.75026672558595
5.74973327089554
4.89729453350358
4.10717990355009
-0.00757826519418462
1.12346133815172
11.5075782632454
2.0337097275171
0.146883578420558
10.3765386597675
1.11465943145036
0.0502454661321904
11.3531164191554
9.45940429650623
2.04059570044204
6.60576510792437
9.46629026930524
0.184962416956753
10.3853405660341
8.59108422301309
5.32339822503704
6.15725682030493
7.77310203904728
2.90891577410143
8.61529120164519
2.88470879480326
6.97451913912811
5.34274317612354
11.4497545323143
4.52548085789435
3.72689795734125
4.89423488872073
6.17660177146512
11.315037582349
4.49766963584884
7.8071891520433
7.00233036085314
3.69281084450322
