11.5048866294557
11.5001777618383
11.4997394660332
11.4999521472685
11.5000879303877
11.5000243030904
11.4998688512465
11.4999276137713
11.5008770937436
11.504378093171
-0.00488662932268199
-0.000177761739592558
0.00026053401345266
4.78527657571969e-05
-8.79303552989752e-05
-2.43030579077877e-05
0.000131148800705074
7.23862886871858e-05
-0.000877093627779244
-0.00437809304671036
10.9921209770556
10.998886418332
10.9998767244419
11.0001352792871
10.9998360283633
10.9999996654639
10.9999190055718
11.0000151170562
10.9998027860811
11.0002564820581
10.9939143555646
10.9997080670663
0.507879022488612
0.501113581692742
0.500123275630077
0.499864720747526
0.500163971666893
0.500000334571794
0.500080994502473
0.499984882983711
0.500197213954169
0.499743517997027
0.50608564422284
0.50029193297063
10.4993224827858
10.5003936278473
10.4999662582394
10.4999288608091
10.5002114645521
10.5005251837877
10.5004802596043
10.4998875024923
10.4999730597816
10.5001772415838
10.4998797750705
10.5000836498709
10.4998428546987
1.00067751690017
0.999606372208326
1.00003374180775
1.00007113922326
0.999788535509413
0.999474816043133
0.999916350171573
1.00015714533993
1.00012022498533
0.999519740432656
0.99982275846526
1.00011249754115
1.00002694024843
1.49867634966392
1.50030713240753
1.50002780079141
1.49962933660226
1.49982721608919
10.001323650176
9.99969286761264
9.99997219925835
10.0001727839439
10.0000610981753
10.000370663458
10.0001386562732
9.99981865258105
9.99991500746516
9.9998690795264
9.99981721668444
1.49986134378135
1.5001813474984
1.50008499257688
1.49993890186872
1.50013092051761
1.50018278338932
9.99295517834509
9.99916718469473
10.0001096305566
1.50704482115308
1.50083281530506
1.49989036946273
1.99989712176995
1.99984887429776
2.00005622669936
2.000035606263
1.99998001769064
9.50015112566651
9.50010287827124
9.49994377334471
9.49996439377906
9.50001998236939
9.50001999884117
9.49985390758106
9.50002564171231
9.50002115933902
9.5001483991727
9.50000534005713
9.49998152490898
9.49998905268004
2.00014609248406
1.99998000120808
1.99997435834632
1.99997884071783
1.99985160088841
1.99999465994531
2.00001847512916
2.00001094740552
9.49999128475322
2.00000871529628
9.00103180525523
8.99998805657816
8.99988432956019
9.00010576414808
9.00028342520596
2.49896819467347
2.50011567047333
2.50001194345112
2.49989423590286
2.49971657490863
2.50005499636647
2.50005039992977
2.49997617298197
9.00004344894266
8.99994500369509
8.99986910726723
8.99994960013192
9.0000238270891
2.50014040231769
2.49989827400454
2.49995655112416
2.5001308928058
9.0006972404556
8.99985959770661
9.00010172603873
2.49930275952206
2.49998163240856
2.49983052380972
9.0000183676145
9.00016947624823
8.49963988911131
8.50001476506348
8.50006835743331
8.50007622510036
8.499965789278
8.49995425731277
8.49994206431596
8.49998091003641
8.50040228603706
8.49990689290767
8.50002253352083
8.50005252879362
8.49997814292825
8.50007390727372
3.0003601109094
2.99998523497506
2.99993164261129
2.99992377494343
3.00003421076547
3.00004574273576
3.00005793574409
3.00001909002713
2.99997746654256
3.00009310713056
2.99959771403798
2.99994747126284
2.99996226816956
3.00002185711531
2.99992609277315
8.50003773183137
3.49988828257796
3.50016750997765
3.50012542413131
3.50025461644636
8.00011171746094
7.9998324900748
7.99987457590936
7.99974538359707
3.50012246062684
3.49998252205622
3.49994409135703
3.49991543933053
3.49997740215622
3.50001590225252
3.50007468439403
3.50004083359329
3.49996398412443
3.50000454843735
3.50005592324348
7.99987753943619
8.00001747800122
8.00005590870137
8.00008456072756
8.00002259789311
7.99998409779437
7.99992531567922
7.99995916644747
8.00003601590431
7.99999545160292
7.9999440767722
3.99977857503341
4.00008409730792
7.50022142501294
7.49991590271358
4.00001463779968
4.00010787079692
4.00014365185772
4.00017768101737
4.00004318527235
3.99993252771391
3.99989536188389
3.99986212600048
7.49975533246112
7.50016272574396
7.49985634819754
7.49997380710871
7.50006747233668
7.49998536222719
7.50010463817973
7.49995681477692
7.4998223190501
4.00024466754584
3.99983727428847
4.00002619294435
4.00004228652853
3.99982379322797
7.50013787406155
7.49989212925413
7.4999577135151
7.50017620680274
7.00021815719781
6.99972021423629
6.99986613897838
6.9998040257611
7.00025547045887
7.00013428904706
6.99983702458209
7.00010377553193
7.00004554907667
7.00010056703545
6.99989548526821
6.99990832668912
4.49978184278951
4.50027978580562
4.5001338610753
4.50019597427145
4.4997445295873
4.49986571099159
4.50016297548132
4.49989622452064
4.49995445097899
4.49989943301888
4.50010451478511
4.50009167336723
4.4998609642092
7.00013903584454
6.99993964174302
6.49984242284792
6.50010962548547
4.50006035831297
5.00015757718873
4.99989037452648
5.00008020276657
7.00000826105782
4.4999917390022
6.49991979730769
6.49994674920344
6.49985947610975
6.49952100541832
6.5000485150289
5.00005325084184
6.50014306564201
5.00014052393573
6.50012752273081
5.00047899456739
4.99995148502786
4.99985693440924
6.49997568672256
4.99987247732355
6.50009821895747
6.50010574517594
6.50001179842291
4.99990178108306
5.00002431332902
6.4999291546783
5.00007084537882
4.99998820163541
4.99989425488151
5.50030749929543
5.49997470094061
5.99969250073618
5.50008739865273
5.50115299356327
6.00002529909315
6.00023440208566
5.99965234715873
5.99884700647641
5.49987519304394
6.00012480700557
5.00010738368531
5.99991260139882
5.99906267959522
5.49976559795515
5.49999958828609
5.49990355813034
5.49996930364374
5.50010452572115
6.0000004117607
5.99986244844472
5.50013755161288
5.50007210873275
6.00003069641414
5.50034765286642
5.99992789131552
5.99989547433738
6.49989261636915
6.00009644192636
5.50093732041642
5.49992718624392
5.99994429136212
6.00007281380952
5.50005570869386
