11.9849773545699
11.9855380128821
11.9854111051521
11.9852163082826
11.9852804912667
11.9853676797096
11.9853760464138
11.9853261646819
11.9852776337092
11.9852778373894
11.9853326151333
11.9851456671549
11.9854904674025
11.9852480381676
11.985252546074
11.9853706456371
11.9853914034911
11.410289889297
0.0150226355432299
0.01446197710791
0.0145888849034234
0.0147836817953997
0.0147194987823188
0.0146323103238464
0.0146239436285267
0.0146738253760839
0.0147223563554736
0.0147221526653299
0.0148543229757783
0.0146673749036261
0.0145095225882648
0.0147519518809272
0.0147474440087648
0.0146293444133509
0.0146085865386631
11.4105054166841
11.4103801308358
11.4103538816061
11.4104190683219
11.4104460425688
11.4104220286047
11.4103877463308
11.4102544436287
11.410503346113
11.4103786073346
11.4104337320367
11.4103389113478
11.4103910468144
11.4104413605903
11.4104024160608
11.4104367949682
0.589710099297842
0.589494571890758
0.589619857810514
0.589646106994966
0.58958092024997
0.589553946018006
0.589577960005775
0.589612242286194
0.589745544996586
0.589621381269362
0.589597572524752
0.58949664249262
0.589558628009736
0.589608941812563
0.589661077266993
0.589566256511258
0.589563193612438
10.7382579000191
10.7385335819777
10.738265278092
10.7384704782705
10.7384072462598
10.7383868381138
10.7383158747599
10.7381971394126
10.7384341526623
10.7382892011368
10.7383802077212
10.7383179972509
10.7382842487123
10.7382930705855
10.7383498371847
10.738382141912
10.7383643957611
1.26174208905386
1.26146640701454
1.26173471091148
1.26159274275633
1.26161315093178
1.2616841142869
1.26171078789387
1.26152951069329
1.2618028496506
1.26156583639089
1.261681991767
1.26161784712161
1.26165015186183
1.26170691845637
1.26171574030515
1.26161978128253
1.26163559325864
9.99682102228774
9.99674514066694
9.9968152734916
9.99673586079386
9.99678855973532
9.99678456364585
9.99675887609127
9.99674861840148
9.99671208781735
9.99680005490305
9.99678510663544
9.9967761380275
9.99678149371734
9.99676796659194
9.99674729148553
9.99674750741115
9.99675921990083
2.00317896718385
2.00325484879158
2.00326412864578
2.00321142972677
2.00321542582199
2.00324111336771
2.00318471595988
2.00325137104985
2.00328790163566
2.00319993456951
2.00322385143053
2.00321849574587
2.00323202287058
2.00321488281963
2.00325269796944
2.00325248203714
2.00324076955112
9.22331484068128
9.22337163994872
9.22333475666819
9.22333055295396
9.2233479507784
9.22330788010566
9.22336657871272
9.2233540170978
9.22334736373713
9.22333885436569
9.22333717736724
9.22334345063902
9.2233491403562
9.22332942616767
9.22333997994467
9.22335161361945
9.22335140290743
2.77668514865053
2.77662834932525
2.77666523264249
2.77666943636171
2.77665203852003
2.7766921092336
2.77663341056449
2.77664597219389
2.77665084894154
2.77667056314946
2.77666000936089
2.77665262556108
2.77666113494132
2.77664837567432
2.77666281194186
2.7766565386638
2.77664858638705
8.43166862255297
8.43159431764018
8.43164576744496
8.43159699838052
8.43158261184183
8.43164104441188
8.43163040449621
8.43163130899989
8.43161149155571
8.43160471742438
8.43160428165519
8.43161876298328
8.43162868510844
8.43160419157094
8.43162506623506
8.43163619817868
8.43161254494734
3.56833136656119
3.56840567147941
3.5684029907092
3.56835422164603
3.5683686801212
3.56836379092977
3.56838849755918
3.56841737726817
3.56835894471654
3.56839579753364
3.56836958460705
3.56837130400704
3.56837492287237
3.56838122613383
3.56839570745348
3.56839527167339
3.56838744415443
7.62747135169956
7.62752092460099
7.62749139192154
7.62748585504099
7.62746450902044
7.62751928050346
7.62750061909333
7.62749490784376
7.62750496921573
4.37252863732417
4.37247906441637
4.37250859712276
4.37253548002327
4.3724807085225
4.37251413398719
4.37249936991718
4.37250017586327
4.37250508119359
6.81558434614691
6.81559323912263
6.00001561305966
5.999984376073
6.0000060000163
5.99999398916515
5.99997363408196
6.00002635507793
6.00000369851154
5.99999629063739
5.99999999457754
5.99999072782408
6.00000926133429
7.62749981315398
7.62749365219323
7.62749135068665
7.62750381455621
6.81560451791867
5.18440675022766
5.18441564316457
4.37249501981194
4.37250633684057
4.37250863834242
5.99999159106153
6.00000839810372
5.18439547143525
6.81558787818933
4.37251578555878
7.62750122738723
5.18441211112432
5.18440654242076
6.81559344691762
6.81558651908236
5.99998444810298
6.00001554105728
7.62748420347411
4.37249393831567
4.37249876164387
4.37249617446388
7.62750605070643
6.81559603017017
6.81559697107362
6.81558853189723
6.81559129696844
5.18441347024515
5.18440395916906
5.18440301825852
5.18441145742579
5.18440869235578
6.81558778706084
5.99999585072874
6.00000413843913
6.81559316032556
6.81559549019544
6.81559349730606
6.81558360642149
5.18441220226344
5.18441638290468
5.18440649202085
5.18440449913717
5.18440682900849
7.62749636609202
4.37250362292985
6.81558919665703
5.18441079267277
6.81560117359492
5.18439881573895
