11.9899447694234
11.4115448767146
10.7413401930494
10.0037380795814
9.23027979296818
8.43667138536498
7.63054800469939
6.81698179449377
6.00000000026064
5.18301820621028
4.36945199621959
0.0100552302870273
0.588455124346891
1.25865980707878
1.9962619205721
2.76972020771742
3.56332861558989
11.9899447694234
0.0100552302870273
0.588455124346891
1.25865980707878
1.9962619205721
2.76972020771742
3.56332861558989
4.36945199621959
5.18301820621028
6.00000000026064
6.81698179449377
11.9899447694234
7.63054800469939
11.4115448767146
10.7413401930494
10.0037380795814
9.23027979296818
8.43667138536498
11.4115448767146
10.7413401930494
10.0037380795814
9.23027979296818
8.43667138536498
7.63054800469939
6.81698179449377
0.0100552302870273
0.588455124346891
6.00000000026064
1.25865980707878
1.9962619205721
2.76972020771742
3.56332861558989
5.18301820621028
4.36945199621959
0.0100552302870273
0.588455124346891
1.25865980707878
1.9962619205721
2.76972020771742
3.56332861558989
4.36945199621959
5.18301820621028
11.9899447694234
6.00000000026064
6.81698179449377
11.4115448767146
8.43667138536498
9.23027979296818
10.0037380795814
10.7413401930494
7.63054800469939
11.4115448767146
11.9899447694234
10.7413401930494
0.0100552302870273
10.0037380795814
9.23027979296818
8.43667138536498
0.588455124346891
1.25865980707878
7.63054800469939
1.9962619205721
6.81698179449377
2.76972020771742
3.56332861558989
4.36945199621959
5.18301820621028
6.00000000026064
0.588455124346891
0.0100552302870273
1.25865980707878
1.9962619205721
2.76972020771742
3.56332861558989
4.36945199621959
11.9899447694234
11.4115448767146
10.7413401930494
5.18301820621028
6.81698179449377
7.63054800469939
8.43667138536498
9.23027979296818
10.0037380795814
6.00000000026064
11.9899447694234
11.4115448767146
0.0100552302870273
10.7413401930494
10.0037380795814
9.23027979296818
8.43667138536498
7.63054800469939
0.588455124346891
1.25865980707878
1.9962619205721
6.00000000026064
5.18301820621028
4.36945199621959
3.56332861558989
2.76972020771742
6.81698179449377
0.0100552302870273
0.588455124346891
1.25865980707878
1.9962619205721
2.76972020771742
3.56332861558989
11.9899447694234
4.36945199621959
11.4115448767146
10.7413401930494
6.00000000026064
6.81698179449377
7.63054800469939
10.0037380795814
8.43667138536498
9.23027979296818
5.18301820621028
11.9899447694234
11.4115448767146
10.7413401930494
10.0037380795814
9.23027979296818
0.0100552302870273
0.588455124346891
8.43667138536498
7.63054800469939
6.81698179449377
6.00000000026064
5.18301820621028
1.25865980707878
1.9962619205721
2.76972020771742
3.56332861558989
4.36945199621959
0.0100552302870273
0.588455124346891
1.25865980707878
1.9962619205721
2.76972020771742
11.9899447694234
11.4115448767146
3.56332861558989
10.7413401930494
10.0037380795814
9.23027979296818
4.36945199621959
5.18301820621028
8.43667138536498
6.00000000026064
6.81698179449377
7.63054800469939
11.9899447694234
11.4115448767146
0.0100552302870273
10.7413401930494
0.588455124346891
1.25865980707878
1.9962619205721
9.23027979296818
8.43667138536498
2.76972020771742
3.56332861558989
4.36945199621959
5.18301820621028
7.63054800469939
6.00000000026064
10.0037380795814
6.81698179449377
0.0100552302870273
0.588455124346891
1.25865980707878
11.9899447694234
2.76972020771742
1.9962619205721
3.56332861558989
11.4115448767146
10.7413401930494
4.36945199621959
10.0037380795814
6.81698179449377
6.00000000026064
7.63054800469939
8.43667138536498
9.23027979296818
5.18301820621028
11.9899447694234
11.4115448767146
10.7413401930494
10.0037380795814
0.0100552302870273
0.588455124346891
1.25865980707878
2.76972020771742
3.56332861558989
0.0100552302870273
0.588455124346891
1.25865980707878
11.9899447694234
11.4115448767146
1.9962619205721
10.7413401930494
2.76972020771742
9.23027979296818
11.4115448767146
11.9899447694234
11.9899447694234
0.0100552302870273
11.4115448767146
0.588455124346891
10.7413401930494
1.25865980707878
10.0037380795814
1.9962619205721
6.00000000026064
6.81698179449377
5.18301820621028
9.23027979296818
6.81698179449377
6.00000000026064
4.36945199621959
0.0100552302870273
0.0100552302870273
0.588455124346891
8.43667138536498
5.18301820621028
6.00000000026064
7.63054800469939
4.36945199621959
11.9899447694234
0.588455124346891
10.0037380795814
7.63054800469939
11.4115448767146
1.9962619205721
10.0037380795814
9.23027979296818
2.76972020771742
9.23027979296818
1.9962619205721
3.56332861558989
4.36945199621959
7.63054800469939
8.43667138536498
1.9962619205721
2.76972020771742
8.43667138536498
3.56332861558989
2.76972020771742
10.0037380795814
9.23027979296818
3.56332861558989
8.43667138536498
4.36945199621959
3.56332861558989
8.43667138536498
6.00000000026064
6.81698179449377
7.63054800469939
1.25865980707878
7.63054800469939
10.7413401930494
4.36945199621959
5.18301820621028
6.00000000026064
5.18301820621028
6.81698179449377
5.18301820621028
6.81698179449377
10.7413401930494
1.25865980707878
