-1.23304088240511
-0.637259993229313
1.23528075787036
-0.00106832429037333
0.645710808286364
1.23304088237508
0.637259993219216
-1.23528075783674
0.00106832427770765
-0.645710808295012
-2.24141713558975
-1.68169751450503
-1.03841314141356
2.23925600670441
-0.357060908421348
1.67790579730937
1.03979282147035
0.344410618979888
2.24141713557129
1.68169751450272
1.03841314140973
0.357060908415269
-2.23925600669261
-1.67790579733322
-0.344410618959659
-1.03979282148381
-2.73497719983172
-2.14776847606627
-1.4632022764021
-0.735799883153534
0.0103248921096236
0.762382333955477
1.49366197745081
2.15889207337557
2.73622669644886
2.73497719986309
2.14776847610478
1.46320227639674
0.735799883142316
-0.0103248921032908
-0.762382333942957
-1.49366197746854
-2.73622669643355
-2.15889207337003
-2.63127931838873
-1.92620882288353
-1.17218989950231
-0.395917781667147
0.395917781653704
2.63127931838763
1.17218989948624
1.92620882288196
-3.23150733733608
0.392180244174866
1.17918658877372
1.93972454382853
2.63285741229081
3.23078797778412
3.23150733734272
-0.392180244175011
-1.17918658877064
-1.93972454382571
-2.63285741229636
-3.23078797779087
-2.61698898741227
-1.91437893610829
-1.15072402607672
-3.2279462512302
-0.361631830931609
0.428097481142496
1.20266633551703
1.94929090749917
2.64359068429848
3.23573150526832
2.61698898741189
1.91437893608648
1.1507240260744
3.22794625124977
0.361631830924027
-0.428097481147255
-1.20266633551956
-1.94929090749678
-2.64359068430293
-3.23573150527179
0.808407023974248
1.61607387270652
2.39388647301767
3.72535298458476
3.10775912480415
-0.00770334371801262
-3.72535298458713
-3.1077591248015
-2.39388647305363
-0.808407023987818
-1.61607387272374
0.00770334370699348
0.820078284267674
-0.820078284305327
1.62022461791993
-1.62022461794329
-2.39590970428917
-3.72853038353123
-3.11694041724543
2.39590970429491
3.11694041723343
3.72853038353777
1.60894488875881
0.808594732147597
2.38674271889355
-0.0029047192988282
3.11152647760013
-0.818080831821049
-1.62526471823709
-2.40231580908922
-1.60894488874805
-0.808594732158915
-2.38674271889606
0.00290471930774845
-3.11152647757315
0.818080831810609
1.62526471822244
2.40231580910968
3.72643190045714
-3.72643190043452
3.11299218696058
-3.11299218694464
-3.72612865947048
3.72612865947752
-1.61936935816238
-0.811645895368287
0.00409829204718584
0.815887747959012
1.6157475108192
1.61936935813054
0.811645895341755
-0.00409829204527016
-0.815887747934415
-1.61574751080072
-2.39722927853193
2.39199151832409
2.39722927851054
-2.39199151834244
3.10993253690194
-3.11452892021854
3.72559381596487
-3.72758064437612
-3.10993253687924
3.11452892018697
-3.72559381595991
3.72758064437551
