-3.7499678104789
-3.75005851979361
-3.75004430224454
-3.74994298140796
-3.75000007608456
3.74996781047934
3.75005851979375
3.75004430224406
3.74994298140814
3.75000007608468
-3.25000365844275
-3.24997500935445
-3.25005513447542
-3.24996859755308
-3.24997567426523
-3.25000402210879
-3.25004676938117
-3.24995427979643
3.25000365844302
3.24997500935449
3.25005513447547
3.24997567426532
3.24996859755291
3.25000402210914
3.24995427979613
3.25004676938136
-2.75000547285508
-2.74996237066635
-2.75005592723901
-2.75001801146513
-2.74994270547085
-2.74997319099547
-2.75005800842127
-2.74999943007172
-2.74996390229511
2.75000547285462
2.7499623706658
2.75005592723909
2.75001801146529
2.74994270547076
2.74997319099529
2.75005800842153
2.74996390229489
2.74999943007164
-2.24995467854631
-2.25005036505941
-2.25004294598584
-2.24996432660493
2.24996432660513
2.24995467854633
2.25004294598607
2.25005036505942
-2.25000866962211
-2.24993520304916
-2.24999904727204
-2.25006911673609
-2.24999479530805
-2.24995232397796
2.25000866962201
2.24993520304916
2.249999047272
2.25006911673605
2.24999479530813
2.24995232397805
-1.75001587243088
-1.7499442729451
-1.74998332610226
-1.7500315747779
-1.75004524836417
-1.75004343009997
-1.74998012058486
-1.74994991804766
-1.75002726470994
-1.75000543821377
1.75001587243089
1.74994427294541
1.74998332610229
1.75003157477763
1.75004524836428
1.75004343010003
1.7499801205849
1.74994991804762
1.75002726471001
1.75000543821382
1.25004213633637
1.24998384245128
1.24994409576768
1.25003875361475
1.25001019461684
1.25004799573252
-1.25003875361472
-1.25001019461688
-1.24994409576715
-1.25004213633617
-1.24998384245102
-1.25004799573236
-1.25000027421892
1.25000027421946
-1.24995282294863
1.24995282294896
1.24997339950877
1.24998156194335
1.25004283669278
-1.24997339950885
-1.25004283669261
-1.24998156194344
0.75005709573779
0.750005567768589
0.750027239425174
0.749946869086004
0.749948051798431
0.749947239003606
0.750012985647727
0.750065564199783
-0.750057095737948
-0.750005567768424
-0.750027239425142
-0.749946869086132
-0.749948051798823
-0.749947239003454
-0.750012985647518
-0.750065564200075
0.750023478590056
-0.750023478590375
-0.749992877030291
0.749992877030053
0.749951372594993
-0.7499513725951
-0.249984488885992
-0.250047653173726
-0.25005179321609
-0.249998534431009
-0.249947736965522
0.249984488886454
0.250047653174107
0.250051793216064
0.249998534430657
0.249947736965249
-0.249938013548001
-0.249971789137032
0.249938013548314
0.249971789137297
0.250008832799265
0.250047259600612
0.250045180908108
0.249980122193304
-0.250008832799593
-0.250047259600156
-0.250045180908188
-0.249980122193295
