1.29135773267186
1.91613672086672
2.58588737569017
3.2391467798217
3.7700460223959
3.708642267159
3.08386327898399
2.41411262413939
1.22995397740563
1.76085322000386
1.07265133862057
1.78215006956346
2.50714752353784
3.2372596388379
3.94820269017492
3.92734866121614
3.21784993025564
2.49285247628011
1.76274036097768
1.05179730965568
0.779635955843796
1.43477487313966
2.13942013147325
2.85949882576399
3.58680114661752
4.24379169181356
4.22036404398876
3.56522512666806
2.86057986834853
2.14050117403455
0.756208307995411
1.41319885322153
0.580565750202994
1.33365520585535
2.11721663358084
2.90236421968357
3.68454612251892
4.42936962221806
4.41943424962294
3.66634479394342
2.88278336624966
2.09763578012435
1.31545387730088
0.570630377588442
0.287122589056664
0.931197632232108
1.67154802189112
2.45011842856337
3.23796175581575
4.01562002968453
4.71562995601287
0.0759460290790385
0.878758879513902
1.69578245090003
2.49999999989835
3.30421754889177
4.12124112029552
4.92405397072964
4.71287741077893
4.06880236758257
3.32845197790319
0.28437004379121
0.984379970117999
2.54988157123281
1.76203824398184
