-0.000116892949207366
-2.02868838513772e-05
0.000133891638448456
-6.8362571253248e-05
4.58877425368087e-05
4.33024391187613
4.33014730581022
4.32999312728851
4.3300811311852
4.33019538149831
0.432967652421351
0.432498123324137
0.433127513482706
0.433536528686239
0.432766314559371
3.8971593665054
3.89762889560311
3.89699950544457
3.89659049024111
3.89736070436756
0.866272386172986
0.865765265775746
0.865916183471424
0.866385705305839
0.866122673734819
0.865528551145559
3.46385463275389
3.46436175315182
3.46421083545575
3.46374131362199
3.46459846778198
3.46400434519188
1.2992435566838
1.29852481503378
1.2987446809991
1.29934539585596
1.29950299272714
1.29878629244068
3.03088346224326
3.03160220389404
3.03138233792783
3.0307816230716
3.03062402620009
3.03134072648693
1.73200956226709
1.73204496132006
1.73197724499665
1.73211335731227
1.73227994673318
1.73203659917307
1.73165345471059
2.16567409887178
2.16410871111682
2.16407426092704
2.16506350946394
2.16605275800097
2.1660183078107
2.16445292005576
2.59811745665969
2.59808205760731
2.5981497739313
2.59847356421708
2.59809041975464
2.59801366161562
2.59784707219467
