-0.0144704498270384
-0.00913894822161499
-0.0109836638402621
-0.0106199420423762
-0.00971895639675994
-0.00832646960608568
-0.00963358622784387
-0.0100410666709983
-0.00703396935585236
-0.00970087032194102
-0.0104972765479057
-0.00972196182963747
-0.00878196572114122
-0.00879287538701129
-0.00872050821041888
-0.010198092702682
8.51447044759685
8.50913893681587
8.51098365391571
8.51061992907836
8.50971894819803
8.50832644025169
8.50963357377162
8.51004105663055
8.50703396666201
8.50970086072631
8.51049726480403
8.50878195764854
8.50972194947082
8.50879286564931
8.51019808369167
8.50872047818285
0.508006906386238
0.507991819125799
0.50789633525298
0.507828921516442
0.507800606772935
0.507984253258701
0.507985848223382
0.507173008619312
0.508068665019866
0.507968364275201
0.507853611964156
0.50777406766793
0.508027172698366
0.507399110724205
0.507730342140672
0.508043970425556
7.99199309753114
7.99200818097363
7.99217108123147
7.99201574893133
7.99201415266328
7.99282699544167
7.99203163303296
7.99214639082571
7.99219939471752
7.99193133622385
7.99210366568501
7.99197282675128
7.99226965844736
7.99222593402317
7.99260089273077
7.99195603083757
7.48162680634692
7.4794169484741
7.4806585539631
1.01837320032644
1.02058305011465
1.01934144885609
1.01957797675863
1.02110986796382
1.02013499113949
1.02056918289146
1.01999870431812
1.01991024925345
1.01967350142505
1.02049798656011
1.02015205237384
1.01985218745278
1.02038132244312
1.02048361128781
1.01990859764309
7.48042202460579
7.47986500983318
7.47943081188028
7.48000129576982
7.47889012970798
7.48008975187112
7.47984794813235
7.48032650035308
7.47950201271206
7.48014781296429
7.47961867702561
7.48009140372535
7.4795163827431
6.93213347416447
6.93193333807203
1.56786652536656
1.5680666636496
1.5679588920554
1.56806811135575
1.56824444430405
1.56795030024517
1.56820373166041
1.56783072185496
1.56793524192075
1.56908779028189
1.56819624196856
1.56828555122885
1.56802972866028
1.56799078805284
1.56922801845533
1.56816203926476
6.93204110834888
6.93193188837364
6.93175556026908
6.93206476034923
6.93204970020294
6.93091220435766
6.93179627080985
6.9317144505782
6.93180375914121
6.9321692797425
6.93200921339546
6.93077197639008
6.93183796166733
6.93197027246897
6.35546248192593
6.35540530434805
6.35552248677702
6.35549675614715
6.35537071213229
2.14453751996058
2.14459469599003
2.14447751445969
2.14462928937539
2.14450324406999
2.14419939542379
2.14459470744512
2.14468322297529
2.1444814118499
2.14446625940096
2.14436332434077
2.14459600378093
2.14458956534142
2.1444761575538
2.14470153551573
2.14450187956234
6.35580060395271
6.35531678041593
6.35540529352371
6.35551858897991
6.35553374081772
6.35563667620902
6.35540399697077
6.35541043510529
6.35552384309293
6.35549812129563
6.35529846815246
5.76551765283495
5.76312645242336
5.7646024436931
5.76459686420763
5.76263416352375
5.76374302635375
5.76409920121907
5.76206354794838
5.76324236154387
5.76238836732195
5.76424814578652
5.7629055935608
5.76365185704617
2.73448236686422
2.73687355808055
2.73539757223923
2.73736585231164
2.73540314995586
2.73590081088044
2.73625698690306
2.73675765233762
2.73793645857765
2.73709441849137
2.73575186835639
2.73634815548297
2.73761163521349
2.73633643824493
2.73604968133043
5.76366357480474
3.3349474703783
3.33496304589478
3.33494795137132
3.33487331584587
5.76395033188406
5.16505253145313
5.16503695685303
5.16505205078563
3.94382577888854
3.94362519655729
3.94368709634159
3.943558923441
3.33467885991989
3.33501409052271
3.33506747960396
3.33480586175957
3.33497455092367
5.16532114247413
5.16512668667056
4.55617422318506
4.55645095357589
4.55637480464145
4.55644107830343
4.55631290503939
3.94354904777941
3.33479960244208
3.33503486329564
3.3348255124463
5.16493252275834
4.5563564948367
4.55634720164232
4.5564780107277
3.33496895875203
3.33481982139014
3.94364350692962
3.94365280003125
3.94352199081237
3.9435927163989
3.33457425293572
5.16498591180744
5.16520040009814
5.16519414078253
5.16502545140285
3.9437315989095
3.9436973953656
3.94369505281391
4.55640728507314
4.5563026060985
4.55626840266735
4.55630494857941
5.16496513913903
5.16517449016839
5.16518018103487
5.16503104366398
5.16542575054055
3.94358258867972
3.94355687148779
3.94365117922931
4.5564174128989
4.55644313009218
4.55634882167322
5.76379088012651
2.7362091331627
3.94361668596822
4.55638331515815
5.16540313419414
3.33459686945678
