0.303929274564383
0.4905518973971
1.04402700567864
1.58632449153899
2.1354833592726
2.72900506430528
3.33257884507084
3.94673854887325
8.46373311695933
4.55326144558313
8.00944813046578
5.16742117347254
7.45597296560109
6.9136755186172
5.77099521782989
6.36451661713929
8.1960701884492
8.00944813046578
7.45597296560109
6.9136755186172
6.36451661713929
5.77099521782989
5.16742117347254
4.55326144558313
0.0362667983635177
3.94673854887325
0.4905518973971
1.04402700567864
3.33257884507084
1.58632449153899
2.1354833592726
2.72900506430528
0.0362667983635177
0.4905518973971
4.55326144558313
1.04402700567864
3.33257884507084
1.58632449153899
2.1354833592726
2.72900506430528
3.94673854887325
8.46373311695933
8.00944813046578
5.16742117347254
7.45597296560109
5.77099521782989
6.9136755186172
6.36451661713929
8.46373311695933
8.00944813046578
7.45597296560109
6.9136755186172
6.36451661713929
5.77099521782989
0.0362667983635177
0.4905518973971
5.16742117347254
4.55326144558313
3.94673854887325
1.04402700567864
1.58632449153899
3.33257884507084
2.72900506430528
2.1354833592726
8.46373311695933
8.00944813046578
7.45597296560109
0.0362667983635177
0.4905518973971
1.04402700567864
1.58632449153899
8.46373311695933
2.1354833592726
2.72900506430528
3.33257884507084
3.94673854887325
8.00944813046578
7.45597296560109
4.55326144558313
5.16742117347254
6.9136755186172
5.77099521782989
6.36451661713929
6.9136755186172
6.36451661713929
5.77099521782989
5.16742117347254
0.0362667983635177
4.55326144558313
3.94673854887325
0.4905518973971
1.04402700567864
3.33257884507084
1.58632449153899
2.1354833592726
2.72900506430528
8.46373311695933
8.00944813046578
0.0362667983635177
0.4905518973971
1.04402700567864
1.58632449153899
8.46373311695933
8.00944813046578
7.45597296560109
6.36451661713929
2.1354833592726
2.72900506430528
3.33257884507084
6.9136755186172
3.94673854887325
4.55326144558313
5.77099521782989
5.16742117347254
7.45597296560109
6.9136755186172
0.0362667983635177
6.36451661713929
0.4905518973971
5.77099521782989
1.04402700567864
1.58632449153899
5.16742117347254
2.1354833592726
3.94673854887325
2.72900506430528
3.33257884507084
4.55326144558313
8.46373311695933
8.00944813046578
7.45597296560109
6.36451661713929
6.9136755186172
0.0362667983635177
0.4905518973971
1.04402700567864
1.58632449153899
2.1354833592726
8.46373311695933
8.00944813046578
2.72900506430528
3.33257884507084
7.45597296560109
6.9136755186172
3.94673854887325
6.36451661713929
4.55326144558313
5.77099521782989
5.16742117347254
0.0362667983635177
5.77099521782989
0.4905518973971
5.16742117347254
1.04402700567864
1.58632449153899
4.55326144558313
2.1354833592726
3.94673854887325
3.33257884507084
2.72900506430528
8.46373311695933
8.00944813046578
7.45597296560109
6.9136755186172
0.0362667983635177
6.36451661713929
0.4905518973971
5.77099521782989
1.04402700567864
2.72900506430528
2.1354833592726
1.58632449153899
5.16742117347254
0.0362667983635177
0.4905518973971
1.04402700567864
8.46373311695933
1.58632449153899
8.00944813046578
2.1354833592726
7.45597296560109
2.72900506430528
6.9136755186172
6.36451661713929
3.33257884507084
5.77099521782989
4.55326144558313
3.94673854887325
3.94673854887325
0.0362667983635177
0.4905518973971
1.04402700567864
1.58632449153899
4.55326144558313
8.46373311695933
8.00944813046578
7.45597296560109
8.46373311695933
0.0362667983635177
1.04402700567864
0.4905518973971
8.46373311695933
2.1354833592726
8.00944813046578
3.33257884507084
4.55326144558313
0.0362667983635177
6.9136755186172
0.0362667983635177
0.4905518973971
8.46373311695933
8.00944813046578
7.45597296560109
8.00944813046578
7.45597296560109
6.36451661713929
5.16742117347254
0.4905518973971
1.04402700567864
3.94673854887325
4.55326144558313
3.94673854887325
6.9136755186172
7.45597296560109
4.55326144558313
3.94673854887325
1.58632449153899
5.77099521782989
6.36451661713929
1.04402700567864
5.16742117347254
3.94673854887325
6.9136755186172
3.33257884507084
5.16742117347254
6.9136755186172
5.16742117347254
1.58632449153899
3.33257884507084
2.1354833592726
3.33257884507084
1.58632449153899
4.55326144558313
2.72900506430528
2.1354833592726
6.36451661713929
2.72900506430528
6.36451661713929
2.1354833592726
5.77099521782989
3.33257884507084
5.16742117347254
5.77099521782989
2.72900506430528
5.77099521782989
2.72900506430528
