0.122847601688202
0.123860962637192
0.123995715926516
0.123596935595996
0.123206241523037
0.122820609216972
0.12258673644989
0.122522950948408
0.122530952710887
0.122707057928876
0.123915345806856
0.122857698538314
0.123800373958606
0.123145242886468
0.123358877863457
0.12244177354185
0.12246047385748
0.122856931809119
0.122800342243479
0.123131211781213
0.123520669665667
0.123803916171186
0.124074478356236
0.124102011280001
0.124020475962344
0.123996995161642
0.123828536493014
0.123656529900528
0.792047255924169
0.792087856157157
0.791816814352871
0.791721118887637
0.792083856358436
0.791780465417285
0.792119789162728
0.791872247634134
0.791955845004905
0.792121098717576
0.79204045333102
0.792123455754286
0.792081223341919
24.377152487668
24.3761391347856
24.376004385929
24.3764031656837
24.376793857751
24.377179486511
24.3774133566365
24.3774771397639
24.377469136698
24.377293031115
24.3771423905696
24.3760847560972
24.3768548473936
24.3766412135931
24.3761997207009
24.3759796219234
24.3775583166865
24.3771997546576
24.3760031067038
24.3759256209632
24.37753961933
24.3764794317791
24.3758980899633
24.3761961862851
24.3768688879057
24.3763435638088
24.3761715589112
24.3771431573782
23.7079122526543
23.7080147006712
23.7081832932021
23.7077971038551
23.7082789815379
23.7078518814144
23.7082196309119
23.7080088632868
23.7081278469136
23.7080442508253
23.7082575963594
23.7083234154991
23.7079596445784
23.7083266166045
23.7079188772663
23.708314295839
23.7082630823285
23.7078803189601
23.7082083918089
23.7078790070876
23.7078766478493
23.7080722570843
23.7079162526667
23.7079528540472
23.7080113868442
23.7081393356115
22.9353322330268
22.9357457701858
22.9356562138355
22.9350350907205
23.7084163536043
23.7081605189556
0.791583743687428
0.791985407607845
0.792203004299416
0.792148221773623
0.791991235352339
0.791742498803635
0.791839576725528
0.791673481049254
0.791685804175527
0.79192785174846
0.791860771357982
0.791737020178872
0.791676680234553
0.79179171330067
0.791988722555926
22.0717991926805
22.9349113429427
22.9349202114234
22.9350554107521
22.9351169900137
22.935691339029
22.9356719730933
22.9351966317698
22.9353812863316
22.9354050763586
22.9355242847392
22.9351367410208
22.9349910707367
22.9356565690316
22.9357388973087
22.9349397342404
22.9357738325183
22.9357696530438
22.9349696573981
1.5643439099437
1.56488311101852
1.56425434038693
1.5646678702273
22.9357053245234
1.56496501322263
1.56508876593765
1.56507990232055
1.56430877156272
1.564328148491
1.56494470767695
1.56459504719462
1.56480348967337
1.56461883651601
22.9356247955917
22.9353596530189
22.9354873403461
1.5648633792733
1.56447583843142
1.5643435526295
1.56500904481501
1.56426122251336
1.56506037590997
1.56422628395825
1.56503044902535
22.9351963443399
22.9350765041771
1.56423046050252
1.56464044996929
1.56451276404501
1.56429478531679
1.56437531151766
1.5648037582433
1.56492359942806
2.42777661950652
2.42806526665972
2.4282009177104
2.42803662875496
2.42783085922349
2.4281811483453
2.42811835864742
2.42776244604451
2.42781281695014
3.34155366693956
3.34078193637749
3.34026135685422
2.42789330769611
3.34032243911546
3.34058293227353
3.34092080242701
3.341219380541
3.34138704359862
3.34150648048585
2.42798951982741
3.34146921137637
3.34141175552178
3.34123913451703
3.34047193342638
3.34106847115779
3.34084898907735
3.34064847963227
21.1584464324051
21.1592181567268
21.1597387384577
21.159677660519
21.1594171706387
21.1590793016025
21.1587807236624
21.158613059168
21.15849362061
22.0719634856889
22.0721692485106
21.1585308875597
21.1586308204954
21.158588341309
22.072223484956
22.0722376556286
22.0719348473738
21.1587609605853
22.0721872820415
22.0718189633072
22.0721067905663
22.0718817471823
21.1591511038042
21.1589316223511
21.1593516127348
21.159528159623
22.0720105804038
22.0719901328953
22.0720874896676
22.0718247752719
22.0718749419338
22.0722258437242
22.0719218952708
22.0721673881857
22.0719862471125
21.1597349758997
21.1596758451566
22.0718235345968
22.0720479762308
21.1597953181044
21.159213141858
3.34026511967111
3.34023803427438
3.34032424860352
22.0721729977862
22.0722025006249
2.42800996806125
2.42791260934069
2.42807820746085
2.42817657436567
22.0719191148651
22.0718301929031
2.42777425826574
2.42782710060376
2.427888189056
2.42812517225806
2.42801386653664
22.0718678971418
2.42817533604427
22.0721119209774
2.42779760402946
2.4278327195
2.42816992057632
2.42808099987735
22.072206911552
21.1586674599934
21.1589618987272
21.159652513011
21.1597620629878
21.1592368996287
21.1595133257393
2.42813220874961
3.34020477790897
3.34078695107412
3.3413692767887
21.1584824538012
2.42795213629493
2.42779318825704
3.34034758663103
3.34103820570631
3.34048677593154
3.34076320378087
3.34133264374524
3.34151764792393
4.27740668873095
20.2230395781559
20.2226760716628
20.2225934160819
20.2227602899896
20.2229728663668
20.2230485060851
20.2230122221499
6.16880955222923
6.17018258174636
6.1695006368597
6.16953769835766
6.16890121011165
6.1688216899478
6.17006173845169
6.17004816798928
6.1690452785602
6.1693963722501
6.16982249099418
6.16968010487214
6.16947173789014
6.16994252063455
6.17007171763923
6.16918423150169
6.16897835656241
6.16884658119097
6.16884374883265
6.17009502860329
6.17013276935418
6.1688804804974
6.16998088608171
6.16983002603334
6.16961415622274
6.1690414111715
6.16919147957943
18.3311905421614
6.16942453791016
18.3304623944381
18.3298175165678
18.3304994553541
18.3299383583872
18.3310988833762
18.3299519323832
18.3311784069218
18.330177610916
18.3305283634513
18.3309548208715
18.3306037288621
18.3303199966149
18.3308158687424
18.3310217416132
18.3300575803686
18.3299283823752
18.3311563475612
18.3311535133961
18.3299050683751
18.3311196127313
18.3298673290647
18.330170068003
18.3303859365522
18.3300192091405
18.3309586812511
18.3308086123766
18.3305755543886
4.2772398189691
4.27702723780379
4.27695159283616
4.27698787424959
4.27696052390567
4.27708302413221
4.27732403759234
4.27743234368117
4.27733056274081
20.2229170716371
20.2225677623774
20.2226695378724
20.2228256364096
20.2228054469245
20.2229348699403
20.2226575954335
5.22219518661936
4.27717446027649
4.2771946500215
4.27706522573383
4.27734250558429
4.27697705854317
20.223023037122
20.2230194985129
20.2227422730107
20.2227220428111
4.27725783595615
4.27694531931763
20.2226267884185
20.2228928315121
20.2230547781845
4.2772780560373
19.2770576877266
5.22294240270162
5.22219490689228
5.22204417151503
19.2778051828111
19.2779494570942
19.2779559224146
19.2776864534791
19.2778049027827
19.2773795089991
19.277228678479
19.2769037731564
4.27739658000272
20.2226035237972
20.2230637106724
4.27737332026035
4.27698060359091
20.2229740239356
20.2225952689865
20.2226809004528
4.27710727500768
4.27693638873955
20.2228244196851
4.27731920890031
4.27702608042589
4.27717568842071
4.27740483878294
20.2225892887063
4.27741081703258
19.2768650894138
19.2771085869016
5.22205063646719
19.2769579797364
5.22231364296329
5.2227714114992
19.277038551346
19.2769235623218
19.2775056603206
5.22309631953829
19.2769546210123
5.22262058831396
19.2772392262431
19.2777035108538
5.22313500553861
5.22289150967491
19.2778814361347
19.2779798107582
19.2772283361174
19.2780135852976
19.2770906469392
19.2774340197632
5.22304211560361
5.22296154522455
5.22307653110027
5.22304547086739
5.22249443662653
19.2777801344489
19.2778951149802
5.22276087100993
5.22277175317108
5.2222965854797
5.22202028295792
5.22211865879558
19.2779928227633
5.22198650674967
5.22256606890917
5.22221995451502
5.22210497463876
5.2220072681146
17.3855415252774
19.2775951916291
5.22290944335916
5.22240489690807
7.11445856211582
7.11404658476911
7.1143983846561
7.11417308180348
17.3859822905927
17.3856017027024
17.3854529883406
17.3855441499567
17.3857707860001
17.3858270039812
17.3859534999741
17.3856528583378
17.3859260714997
17.3859894408348
17.3855626322576
17.3858456134784
17.3856396718277
17.3857379405638
7.11401779478161
7.11445593737741
7.11454709899347
7.11422929963259
7.11415824996247
7.11406807268738
7.11407401319673
7.11448485317295
7.11426214530739
7.1140106435278
7.11415447168922
7.11443745477344
7.11436041466717
17.3855893592721
17.3859320122518
17.3860332350419
17.3854798208626
17.3860048257935
17.3858418358523
17.3859276219602
17.3859974816789
17.3855152343462
17.38549778588
17.3857361011459
17.3854703098053
17.385561234221
8.05499636815396
8.05574444428431
8.05546876249931
7.11441072721051
7.11396684962287
7.11407246338635
7.11434722848339
7.11399525890174
7.11400260324575
7.1145202667658
7.11450230158135
7.11426398524352
7.11452977792842
7.11443885308008
16.4442556385818
16.4445313211658
16.4450213475614
16.4445165326257
16.4450037126939
8.0554835487308
8.05515071790821
8.0549787338674
8.05502001767523
16.4445931995725
16.4444239925055
16.4441643023039
8.05540688161995
8.05557609089994
8.05583578046648
16.4448134765985
16.4449800644259
16.4448493648044
8.05518660419165
16.4445566208572
16.4447042526217
8.05529583064023
8.05544346266562
16.4443140319358
16.4444092295233
16.4442116476744
8.05568605165172
8.0555908542075
8.05578843533725
8.05577732052018
16.4447664883299
8.055233594821
16.4449725591764
16.4450775350275
8.05492254667976
8.05502752327437
16.4450349318734
16.4442227629073
8.05496514935624
16.4449437861412
16.4442809180471
16.4448004866172
8.0557191640653
16.4445011153786
8.05519959422098
8.05549896586163
8.0550562947064
16.4446394349293
8.05536064598906
8.05579582358185
8.0556419146019
16.4443581670389
16.4442042590253
15.5077673301097
15.5079710499211
15.5075300236972
15.5071621531367
15.5073738545846
15.5079578202432
15.5078155424753
15.5069594527698
15.5074790341489
15.5072016506919
15.5069857355339
15.5070202146126
15.5070249501245
15.507218606286
15.5072736866262
15.5070908542704
8.99223274685058
15.5074821055489
8.9920290282311
15.5079965660453
15.5078358095243
15.507926225585
8.99247005671125
15.5080139954091
8.99262622638142
8.99283792810982
15.5076562739974
8.99204225790096
8.99218453476897
8.9930406284429
8.99301434492355
8.99252104370903
8.99279842836886
8.99272639204797
8.99290922525864
8.99297513003424
8.99251797228992
8.99297986616797
8.99244149607778
8.99214404716094
8.99200351165075
8.99278147475604
8.99216426750332
8.99207385151927
8.9920280398856
8.99234380341307
8.99198608181079
15.5075585841228
15.507069808622
15.507856031712
15.5079720383167
8.9929302725668
15.5073820771997
8.99261800358231
8.99226710303682
15.5077329765343
14.5737623294876
14.5742341780077
9.92623775135996
14.5741681743504
9.92576590178785
14.5742086273762
14.57425172394
14.5739215740373
9.9258319067569
9.92574835675187
9.92579145247847
9.92607850645406
14.5740444032431
9.92595567846532
14.5738232216759
14.5737209867257
9.92627909467391
9.92617686068952
14.5736989063632
14.5736661842353
9.92633389780618
9.92630117609259
14.573626799198
9.92631548658585
14.5736845957952
14.5736453526664
9.92637328307653
14.573789634882
9.92621044740809
9.92635472920882
14.5737068718999
9.92629320943644
14.5737992530835
14.5738999121235
14.5740235436536
14.5739185214402
14.5741334659828
9.92610016996891
9.92597653799424
9.92620082779568
9.9260815589385
14.5741988135241
14.5742074250111
14.5742708329543
9.92580126627773
9.92572924709958
9.92579265574803
9.9258666138351
14.5742657447402
14.5740192988388
14.5742677804665
9.92573433508066
9.92573229988488
14.5741322932048
9.92598078125987
9.92586778801918
10.856359755331
10.8563554808201
13.6436403296803
13.6436446050285
12.7139315230638
11.7860685554288
11.7855364886078
10.8569600392834
10.8572068491092
13.6430400456962
10.8564364942903
10.8572958920576
10.8562997566814
13.6427932360404
13.6427041932809
13.6435635906992
10.8573703172897
10.8565356612585
13.6426297684112
13.6437003287974
10.8572468305504
10.8568815458188
13.6434644245737
13.6427532553479
13.6431185401436
10.8571410399854
10.8567821526602
13.6432179332849
13.6428590459597
10.8565336392051
13.6434664466127
13.6427162628544
10.857283822948
10.8570046964211
10.8562578554567
11.7862075161842
10.8572774587669
10.8573482936164
11.7862735254376
11.7858000586183
11.7862066194858
11.7859134848301
11.7854298926129
11.785278211341
11.7853909506625
11.7854688300556
11.785296058804
12.7144635931064
12.7137265546976
12.7142000230182
12.7145701891229
12.7147218696592
12.7137925643062
12.7137934597127
12.7145312493675
12.7140865941183
12.7146091291418
12.7147040216417
12.7144146538315
13.6429953895668
13.6426517920162
13.643616356239
13.6437422300133
13.6427226266602
13.64376842622
13.6437479707201
13.6428129921715
13.6436611413074
13.6429983556386
13.6431618533736
13.6435215125263
13.6433640688892
10.8563837294387
10.8570017294789
10.8562521144358
10.8563389437508
10.8566360160966
10.8562316591031
10.8571870930768
10.8564785724543
10.8568382316402
11.7855854254631
11.7856499060217
11.7852957458727
12.714704334352
12.7143501729039
12.7145927611503
11.7854073201439
11.7853021149718
11.7858804972292
12.7146979659291
12.7141195814625
11.7860549345487
11.785727578183
12.7142725032867
12.7141165823302
11.7858834990187
12.7139451441097
12.7144664410844
11.7862896932968
12.7138190141079
11.7855336403854
11.7861810665657
12.7137103859257
12.7136918103375
11.7863082693908
12.713796581209
11.7862034977261
12.7137149868036
11.7862850933536
12.7139322732967
11.7860678077315
