0.0887417492755034
0.792159436827808
1.59364632576178
2.45805221720454
3.35852404329192
4.27904395941168
5.21021534464304
6.14579007132192
7.08553220344238
8.02376187677875
24.4112582466064
8.96499850789927
23.7078405245835
9.90251542384869
10.8433124964172
22.0419477911825
21.1414759862466
22.9063536564148
20.2209560781991
19.2897846908433
18.3542099565342
17.4144678105393
14.5974845519437
15.5350014783041
13.6566874696864
16.4762381237631
12.7202326763238
11.7797672861081
10.8433124964172
0.0887417492755034
0.792159436827808
1.59364632576178
9.90251542384869
2.45805221720454
8.96499850789927
3.35852404329192
4.27904395941168
8.02376187677875
5.21021534464304
7.08553220344238
6.14579007132192
24.4112582466064
23.7078405245835
22.9063536564148
22.0419477911825
21.1414759862466
20.2209560781991
19.2897846908433
18.3542099565342
17.4144678105393
16.4762381237631
15.5350014783041
0.0887417492755034
14.5974845519437
13.6566874696864
0.792159436827808
10.8433124964172
2.45805221720454
4.27904395941168
8.02376187677875
9.90251542384869
3.35852404329192
6.14579007132192
8.96499850789927
7.08553220344238
5.21021534464304
12.7202326763238
11.7797672861081
1.59364632576178
24.4112582466064
0.792159436827808
23.7078405245835
1.59364632576178
22.9063536564148
2.45805221720454
22.0419477911825
3.35852404329192
21.1414759862466
20.2209560781991
5.21021534464304
6.14579007132192
19.2897846908433
7.08553220344238
18.3542099565342
8.02376187677875
8.96499850789927
15.5350014783041
9.90251542384869
16.4762381237631
17.4144678105393
11.7797672861081
14.5974845519437
13.6566874696864
12.7202326763238
10.8433124964172
22.9063536564148
23.7078405245835
24.4112582466064
22.0419477911825
0.0887417492755034
4.27904395941168
24.4112582466064
23.7078405245835
22.9063536564148
22.0419477911825
21.1414759862466
19.2897846908433
20.2209560781991
17.4144678105393
16.4762381237631
12.7202326763238
13.6566874696864
15.5350014783041
18.3542099565342
14.5974845519437
11.7797672861081
24.4112582466064
21.1414759862466
20.2209560781991
19.2897846908433
0.0887417492755034
0.792159436827808
1.59364632576178
18.3542099565342
17.4144678105393
2.45805221720454
16.4762381237631
3.35852404329192
4.27904395941168
15.5350014783041
14.5974845519437
5.21021534464304
13.6566874696864
12.7202326763238
6.14579007132192
0.0887417492755034
24.4112582466064
0.792159436827808
1.59364632576178
11.7797672861081
2.45805221720454
3.35852404329192
4.27904395941168
23.7078405245835
22.9063536564148
5.21021534464304
22.0419477911825
6.14579007132192
7.08553220344238
10.8433124964172
8.96499850789927
9.90251542384869
21.1414759862466
8.02376187677875
8.96499850789927
20.2209560781991
9.90251542384869
19.2897846908433
10.8433124964172
18.3542099565342
8.02376187677875
7.08553220344238
11.7797672861081
15.5350014783041
14.5974845519437
12.7202326763238
13.6566874696864
16.4762381237631
17.4144678105393
24.4112582466064
23.7078405245835
0.0887417492755034
0.792159436827808
1.59364632576178
22.9063536564148
22.0419477911825
2.45805221720454
3.35852404329192
24.4112582466064
23.7078405245835
22.9063536564148
4.27904395941168
22.0419477911825
21.1414759862466
20.2209560781991
19.2897846908433
18.3542099565342
17.4144678105393
5.21021534464304
16.4762381237631
15.5350014783041
14.5974845519437
10.8433124964172
13.6566874696864
12.7202326763238
11.7797672861081
0.0887417492755034
0.792159436827808
1.59364632576178
2.45805221720454
3.35852404329192
4.27904395941168
5.21021534464304
6.14579007132192
7.08553220344238
23.7078405245835
22.9063536564148
8.02376187677875
22.9063536564148
8.96499850789927
0.0887417492755034
22.0419477911825
0.792159436827808
9.90251542384869
21.1414759862466
1.59364632576178
20.2209560781991
2.45805221720454
11.7797672861081
10.8433124964172
12.7202326763238
13.6566874696864
19.2897846908433
3.35852404329192
4.27904395941168
15.5350014783041
13.6566874696864
7.08553220344238
18.3542099565342
8.96499850789927
11.7797672861081
15.5350014783041
14.5974845519437
16.4762381237631
10.8433124964172
24.4112582466064
23.7078405245835
8.96499850789927
8.02376187677875
9.90251542384869
5.21021534464304
8.02376187677875
21.1414759862466
20.2209560781991
6.14579007132192
8.02376187677875
12.7202326763238
14.5974845519437
17.4144678105393
19.2897846908433
14.5974845519437
10.8433124964172
12.7202326763238
17.4144678105393
8.96499850789927
9.90251542384869
16.4762381237631
15.5350014783041
9.90251542384869
11.7797672861081
6.14579007132192
21.1414759862466
20.2209560781991
17.4144678105393
16.4762381237631
19.2897846908433
18.3542099565342
7.08553220344238
0.0887417492755034
0.792159436827808
1.59364632576178
22.0419477911825
13.6566874696864
18.3542099565342
7.08553220344238
4.27904395941168
6.14579007132192
5.21021534464304
3.35852404329192
2.45805221720454
0.0887417492755034
0.0887417492755034
0.792159436827808
24.4112582466064
23.7078405245835
22.9063536564148
22.0419477911825
21.1414759862466
0.0887417492755034
24.4112582466064
23.7078405245835
0.792159436827808
22.9063536564148
22.0419477911825
1.59364632576178
2.45805221720454
21.1414759862466
20.2209560781991
3.35852404329192
19.2897846908433
4.27904395941168
18.3542099565342
17.4144678105393
5.21021534464304
6.14579007132192
8.02376187677875
7.08553220344238
15.5350014783041
16.4762381237631
8.96499850789927
14.5974845519437
13.6566874696864
12.7202326763238
9.90251542384869
10.8433124964172
24.4112582466064
11.7797672861081
23.7078405245835
0.0887417492755034
0.792159436827808
22.9063536564148
1.59364632576178
22.0419477911825
2.45805221720454
21.1414759862466
20.2209560781991
3.35852404329192
4.27904395941168
5.21021534464304
19.2897846908433
18.3542099565342
6.14579007132192
7.08553220344238
17.4144678105393
16.4762381237631
8.96499850789927
15.5350014783041
8.02376187677875
10.8433124964172
11.7797672861081
9.90251542384869
14.5974845519437
13.6566874696864
12.7202326763238
0.792159436827808
1.59364632576178
2.45805221720454
3.35852404329192
24.4112582466064
4.27904395941168
23.7078405245835
22.9063536564148
22.0419477911825
20.2209560781991
1.59364632576178
2.45805221720454
19.2897846908433
3.35852404329192
4.27904395941168
17.4144678105393
0.792159436827808
5.21021534464304
21.1414759862466
20.2209560781991
7.08553220344238
19.2897846908433
5.21021534464304
8.02376187677875
11.7797672861081
18.3542099565342
12.7202326763238
18.3542099565342
13.6566874696864
9.90251542384869
6.14579007132192
6.14579007132192
0.0887417492755034
24.4112582466064
23.7078405245835
0.0887417492755034
0.792159436827808
1.59364632576178
24.4112582466064
2.45805221720454
23.7078405245835
3.35852404329192
22.9063536564148
22.0419477911825
8.02376187677875
16.4762381237631
7.08553220344238
10.8433124964172
16.4762381237631
8.96499850789927
14.5974845519437
12.7202326763238
14.5974845519437
17.4144678105393
10.8433124964172
11.7797672861081
15.5350014783041
13.6566874696864
9.90251542384869
15.5350014783041
8.96499850789927
21.1414759862466
4.27904395941168
22.9063536564148
5.21021534464304
22.0419477911825
1.59364632576178
20.2209560781991
6.14579007132192
18.3542099565342
2.45805221720454
7.08553220344238
21.1414759862466
19.2897846908433
17.4144678105393
3.35852404329192
20.2209560781991
16.4762381237631
15.5350014783041
8.96499850789927
14.5974845519437
8.02376187677875
9.90251542384869
19.2897846908433
4.27904395941168
18.3542099565342
17.4144678105393
6.14579007132192
11.7797672861081
12.7202326763238
5.21021534464304
15.5350014783041
7.08553220344238
8.96499850789927
8.02376187677875
13.6566874696864
9.90251542384869
14.5974845519437
12.7202326763238
11.7797672861081
10.8433124964172
24.4112582466064
10.8433124964172
16.4762381237631
13.6566874696864
0.0887417492755034
2.45805221720454
0.792159436827808
1.59364632576178
0.0887417492755034
23.7078405245835
1.59364632576178
0.792159436827808
3.35852404329192
22.9063536564148
22.0419477911825
10.8433124964172
20.2209560781991
21.1414759862466
16.4762381237631
19.2897846908433
17.4144678105393
18.3542099565342
24.4112582466064
23.7078405245835
22.9063536564148
21.1414759862466
15.5350014783041
20.2209560781991
4.27904395941168
11.7797672861081
6.14579007132192
3.35852404329192
5.21021534464304
8.02376187677875
7.08553220344238
2.45805221720454
4.27904395941168
6.14579007132192
14.5974845519437
5.21021534464304
8.96499850789927
8.02376187677875
7.08553220344238
12.7202326763238
15.5350014783041
9.90251542384869
13.6566874696864
11.7797672861081
3.35852404329192
0.792159436827808
0.0887417492755034
22.0419477911825
18.3542099565342
16.4762381237631
13.6566874696864
19.2897846908433
17.4144678105393
9.90251542384869
8.96499850789927
14.5974845519437
10.8433124964172
12.7202326763238
23.7078405245835
24.4112582466064
20.2209560781991
22.9063536564148
21.1414759862466
1.59364632576178
6.14579007132192
4.27904395941168
5.21021534464304
0.0887417492755034
1.59364632576178
0.792159436827808
24.4112582466064
22.9063536564148
23.7078405245835
22.0419477911825
19.2897846908433
18.3542099565342
2.45805221720454
16.4762381237631
17.4144678105393
7.08553220344238
8.02376187677875
14.5974845519437
15.5350014783041
12.7202326763238
9.90251542384869
8.96499850789927
11.7797672861081
10.8433124964172
2.45805221720454
22.0419477911825
3.35852404329192
4.27904395941168
20.2209560781991
21.1414759862466
5.21021534464304
13.6566874696864
19.2897846908433
6.14579007132192
10.8433124964172
7.08553220344238
13.6566874696864
8.96499850789927
17.4144678105393
15.5350014783041
18.3542099565342
8.02376187677875
16.4762381237631
12.7202326763238
14.5974845519437
9.90251542384869
11.7797672861081
24.4112582466064
23.7078405245835
22.9063536564148
22.0419477911825
0.0887417492755034
0.792159436827808
1.59364632576178
21.1414759862466
2.45805221720454
3.35852404329192
20.2209560781991
5.21021534464304
4.27904395941168
7.08553220344238
18.3542099565342
19.2897846908433
0.0887417492755034
17.4144678105393
0.792159436827808
12.7202326763238
15.5350014783041
14.5974845519437
1.59364632576178
13.6566874696864
24.4112582466064
2.45805221720454
16.4762381237631
23.7078405245835
22.9063536564148
3.35852404329192
4.27904395941168
22.0419477911825
21.1414759862466
6.14579007132192
5.21021534464304
20.2209560781991
7.08553220344238
19.2897846908433
15.5350014783041
13.6566874696864
11.7797672861081
17.4144678105393
8.96499850789927
9.90251542384869
12.7202326763238
8.02376187677875
10.8433124964172
8.96499850789927
6.14579007132192
10.8433124964172
11.7797672861081
18.3542099565342
8.02376187677875
16.4762381237631
14.5974845519437
9.90251542384869
24.4112582466064
23.7078405245835
0.0887417492755034
0.0887417492755034
0.792159436827808
0.792159436827808
22.9063536564148
1.59364632576178
24.4112582466064
1.59364632576178
23.7078405245835
22.9063536564148
22.0419477911825
2.45805221720454
21.1414759862466
2.45805221720454
22.0419477911825
3.35852404329192
20.2209560781991
3.35852404329192
21.1414759862466
4.27904395941168
19.2897846908433
20.2209560781991
4.27904395941168
18.3542099565342
5.21021534464304
5.21021534464304
19.2897846908433
6.14579007132192
17.4144678105393
7.08553220344238
16.4762381237631
6.14579007132192
7.08553220344238
15.5350014783041
13.6566874696864
18.3542099565342
17.4144678105393
8.02376187677875
8.96499850789927
12.7202326763238
8.96499850789927
10.8433124964172
11.7797672861081
13.6566874696864
15.5350014783041
10.8433124964172
11.7797672861081
14.5974845519437
9.90251542384869
12.7202326763238
14.5974845519437
8.02376187677875
9.90251542384869
16.4762381237631
0.792159436827808
0.0887417492755034
23.7078405245835
24.4112582466064
0.0887417492755034
24.4112582466064
0.0887417492755034
1.59364632576178
24.4112582466064
22.9063536564148
23.7078405245835
2.45805221720454
22.9063536564148
0.0887417492755034
22.0419477911825
0.792159436827808
3.35852404329192
22.0419477911825
21.1414759862466
1.59364632576178
4.27904395941168
21.1414759862466
2.45805221720454
20.2209560781991
3.35852404329192
20.2209560781991
6.14579007132192
18.3542099565342
4.27904395941168
7.08553220344238
17.4144678105393
5.21021534464304
19.2897846908433
5.21021534464304
8.96499850789927
0.792159436827808
17.4144678105393
18.3542099565342
23.7078405245835
22.9063536564148
1.59364632576178
2.45805221720454
22.0419477911825
21.1414759862466
4.27904395941168
19.2897846908433
5.21021534464304
24.4112582466064
0.792159436827808
1.59364632576178
2.45805221720454
3.35852404329192
23.7078405245835
22.9063536564148
5.21021534464304
22.0419477911825
20.2209560781991
19.2897846908433
21.1414759862466
19.2897846908433
6.14579007132192
16.4762381237631
15.5350014783041
7.08553220344238
14.5974845519437
13.6566874696864
8.02376187677875
12.7202326763238
8.96499850789927
9.90251542384869
11.7797672861081
10.8433124964172
8.02376187677875
15.5350014783041
10.8433124964172
11.7797672861081
13.6566874696864
9.90251542384869
16.4762381237631
12.7202326763238
14.5974845519437
3.35852404329192
18.3542099565342
20.2209560781991
4.27904395941168
6.14579007132192
17.4144678105393
7.08553220344238
6.14579007132192
17.4144678105393
18.3542099565342
7.08553220344238
16.4762381237631
8.96499850789927
15.5350014783041
14.5974845519437
9.90251542384869
8.02376187677875
16.4762381237631
14.5974845519437
12.7202326763238
8.02376187677875
11.7797672861081
9.90251542384869
10.8433124964172
13.6566874696864
8.96499850789927
15.5350014783041
11.7797672861081
12.7202326763238
13.6566874696864
10.8433124964172
